 0.00500  1.50376787e+07
 0.01000  1.46834069e+07
 0.01500  1.43374144e+07
 0.02000  1.39995088e+07
 0.02500  1.36695023e+07
 0.03000  1.33472113e+07
 0.03500  1.30324565e+07
 0.04000  1.27250627e+07
 0.04500  1.24248588e+07
 0.05000  1.21316778e+07
 0.05500  1.18453564e+07
 0.06000  1.15657351e+07
 0.06500  1.12926582e+07
 0.07000  1.10259734e+07
 0.07500  1.07655323e+07
 0.08000  1.05111894e+07
 0.08500  1.02628031e+07
 0.09000  1.00202348e+07
 0.09500  9.78334921e+06
 0.10000  9.55201408e+06
 0.10500  9.32610030e+06
 0.11000  9.10548174e+06
 0.11500  8.89003520e+06
 0.12000  8.67964033e+06
 0.12500  8.47417956e+06
 0.13000  8.27353805e+06
 0.13500  8.07760364e+06
 0.14000  7.88626676e+06
 0.14500  7.69942036e+06
 0.15000  7.51695990e+06
 0.15500  7.33878326e+06
 0.16000  7.16479068e+06
 0.16500  6.99488471e+06
 0.17000  6.82897018e+06
 0.17500  6.66695411e+06
 0.18000  6.50874568e+06
 0.18500  6.35425617e+06
 0.19000  6.20339895e+06
 0.19500  6.05608936e+06
 0.20000  5.91224472e+06
 0.20500  5.77178427e+06
 0.21000  5.63462913e+06
 0.21500  5.50070224e+06
 0.22000  5.36992833e+06
 0.22500  5.24223388e+06
 0.23000  5.11754708e+06
 0.23500  4.99579777e+06
 0.24000  4.87691743e+06
 0.24500  4.76083914e+06
 0.25000  4.64749752e+06
 0.25500  4.53682871e+06
 0.26000  4.42877034e+06
 0.26500  4.32326147e+06
 0.27000  4.22024261e+06
 0.27500  4.11965560e+06
 0.28000  4.02144368e+06
 0.28500  3.92555138e+06
 0.29000  3.83192452e+06
 0.29500  3.74051020e+06
 0.30000  3.65125672e+06
 0.30500  3.56411359e+06
 0.31000  3.47903152e+06
 0.31500  3.39596231e+06
 0.32000  3.31485894e+06
 0.32500  3.23567544e+06
 0.33000  3.15836693e+06
 0.33500  3.08288955e+06
 0.34000  3.00920049e+06
 0.34500  2.93725792e+06
 0.35000  2.86702098e+06
 0.35500  2.79844976e+06
 0.36000  2.73150527e+06
 0.36500  2.66614946e+06
 0.37000  2.60234512e+06
 0.37500  2.54005593e+06
 0.38000  2.47924642e+06
 0.38500  2.41988194e+06
 0.39000  2.36192862e+06
 0.39500  2.30535342e+06
 0.40000  2.25012403e+06
 0.40500  2.19620893e+06
 0.41000  2.14357730e+06
 0.41500  2.09219906e+06
 0.42000  2.04204480e+06
 0.42500  1.99308584e+06
 0.43000  1.94529413e+06
 0.43500  1.89864229e+06
 0.44000  1.85310356e+06
 0.44500  1.80865183e+06
 0.45000  1.76526157e+06
 0.45500  1.72290787e+06
 0.46000  1.68156639e+06
 0.46500  1.64121334e+06
 0.47000  1.60182551e+06
 0.47500  1.56338022e+06
 0.48000  1.52585531e+06
 0.48500  1.48922915e+06
 0.49000  1.45348061e+06
 0.49500  1.41858905e+06
 0.50000  1.38453430e+06
 0.50500  1.35129669e+06
 0.51000  1.31885698e+06
 0.51500  1.28719639e+06
 0.52000  1.25629658e+06
 0.52500  1.22613963e+06
 0.53000  1.19670804e+06
 0.53500  1.16798473e+06
 0.54000  1.13995300e+06
 0.54500  1.11259656e+06
 0.55000  1.08589947e+06
 0.55500  1.05984620e+06
 0.56000  1.03442155e+06
 0.56500  1.00961069e+06
 0.57000  9.85399144e+05
 0.57500  9.61772752e+05
 0.58000  9.38717700e+05
 0.58500  9.16220494e+05
 0.59000  8.94267955e+05
 0.59500  8.72847209e+05
 0.60000  8.51945687e+05
 0.60500  8.31551110e+05
 0.61000  8.11651488e+05
 0.61500  7.92235112e+05
 0.62000  7.73290543e+05
 0.62500  7.54806614e+05
 0.63000  7.36772416e+05
 0.63500  7.19177296e+05
 0.64000  7.02010850e+05
 0.64500  6.85262917e+05
 0.65000  6.68923576e+05
 0.65500  6.52983135e+05
 0.66000  6.37432131e+05
 0.66500  6.22261321e+05
 0.67000  6.07461679e+05
 0.67500  5.93024391e+05
 0.68000  5.78940848e+05
 0.68500  5.65202645e+05
 0.69000  5.51801570e+05
 0.69500  5.38729607e+05
 0.70000  5.25978927e+05
 0.70500  5.13541883e+05
 0.71000  5.01411009e+05
 0.71500  4.89579012e+05
 0.72000  4.78038773e+05
 0.72500  4.66783337e+05
 0.73000  4.55805915e+05
 0.73500  4.45099873e+05
 0.74000  4.34658738e+05
 0.74500  4.24476185e+05
 0.75000  4.14546040e+05
 0.75500  4.04862271e+05
 0.76000  3.95418990e+05
 0.76500  3.86210447e+05
 0.77000  3.77231027e+05
 0.77500  3.68475247e+05
 0.78000  3.59937751e+05
 0.78500  3.51613312e+05
 0.79000  3.43496824e+05
 0.79500  3.35583302e+05
 0.80000  3.27867877e+05
 0.80500  3.20345795e+05
 0.81000  3.13012415e+05
 0.81500  3.05863205e+05
 0.82000  2.98893738e+05
 0.82500  2.92099693e+05
 0.83000  2.85476850e+05
 0.83500  2.79021088e+05
 0.84000  2.72728385e+05
 0.84500  2.66594812e+05
 0.85000  2.60616533e+05
 0.85500  2.54789803e+05
 0.86000  2.49110965e+05
 0.86500  2.43576447e+05
 0.87000  2.38182765e+05
 0.87500  2.32926513e+05
 0.88000  2.27804368e+05
 0.88500  2.22813084e+05
 0.89000  2.17949494e+05
 0.89500  2.13210503e+05
 0.90000  2.08593091e+05
 0.90500  2.04094309e+05
 0.91000  1.99711277e+05
 0.91500  1.95441184e+05
 0.92000  1.91281286e+05
 0.92500  1.87228902e+05
 0.93000  1.83281418e+05
 0.93500  1.79436277e+05
 0.94000  1.75690988e+05
 0.94500  1.72043114e+05
 0.95000  1.68490279e+05
 0.95500  1.65030162e+05
 0.96000  1.61660499e+05
 0.96500  1.58379077e+05
 0.97000  1.55183737e+05
 0.97500  1.52072372e+05
 0.98000  1.49042923e+05
 0.98500  1.46093381e+05
 0.99000  1.43221785e+05
 0.99500  1.40426222e+05
 1.00000  1.37704821e+05
 1.00500  1.35055758e+05
 1.01000  1.32477253e+05
 1.01500  1.29967567e+05
 1.02000  1.27525001e+05
 1.02500  1.25147901e+05
 1.03000  1.22834648e+05
 1.03500  1.20583663e+05
 1.04000  1.18393407e+05
 1.04500  1.16262374e+05
 1.05000  1.14189096e+05
 1.05500  1.12172140e+05
 1.06000  1.10210107e+05
 1.06500  1.08301632e+05
 1.07000  1.06445381e+05
 1.07500  1.04640055e+05
 1.08000  1.02884382e+05
 1.08500  1.01177124e+05
 1.09000  9.95170717e+04
 1.09500  9.79030433e+04
 1.10000  9.63338869e+04
 1.10500  9.48084779e+04
 1.11000  9.33257186e+04
 1.11500  9.18845377e+04
 1.12000  9.04838895e+04
 1.12500  8.91227538e+04
 1.13000  8.78001345e+04
 1.13500  8.65150599e+04
 1.14000  8.52665813e+04
 1.14500  8.40537733e+04
 1.15000  8.28757324e+04
 1.15500  8.17315771e+04
 1.16000  8.06204471e+04
 1.16500  7.95415029e+04
 1.17000  7.84939254e+04
 1.17500  7.74769151e+04
 1.18000  7.64896919e+04
 1.18500  7.55314947e+04
 1.19000  7.46015806e+04
 1.19500  7.36992250e+04
 1.20000  7.28237206e+04
 1.20500  7.19743774e+04
 1.21000  7.11505221e+04
 1.21500  7.03514978e+04
 1.22000  6.95766635e+04
 1.22500  6.88253938e+04
 1.23000  6.80970785e+04
 1.23500  6.73911225e+04
 1.24000  6.67069448e+04
 1.24500  6.60439788e+04
 1.25000  6.54016718e+04
 1.25500  6.47794845e+04
 1.26000  6.41768906e+04
 1.26500  6.35933771e+04
 1.27000  6.30284431e+04
 1.27500  6.24816002e+04
 1.28000  6.19523720e+04
 1.28500  6.14402937e+04
 1.29000  6.09449119e+04
 1.29500  6.04657844e+04
 1.30000  6.00024799e+04
 1.30500  5.95545775e+04
 1.31000  5.91216669e+04
 1.31500  5.87033479e+04
 1.32000  5.82992300e+04
 1.32500  5.79089325e+04
 1.33000  5.75268131e+04
 1.33500  5.71734640e+04
 1.34000  5.67887688e+04
 1.34500  5.64616338e+04
 1.35000  5.61289685e+04
 1.35500  5.58172564e+04
 1.36000  5.55206986e+04
 1.36500  5.52294067e+04
 1.37000  5.49552789e+04
 1.37500  5.46904988e+04
 1.38000  5.44324574e+04
 1.38500  5.41854829e+04
 1.39000  5.39481818e+04
 1.39500  5.37184165e+04
 1.40000  5.34967347e+04
 1.40500  5.32836844e+04
 1.41000  5.30786890e+04
 1.41500  5.28811816e+04
 1.42000  5.26911017e+04
 1.42500  5.25087057e+04
 1.43000  5.23337974e+04
 1.43500  5.21661245e+04
 1.44000  5.20054449e+04
 1.44500  5.18516318e+04
 1.45000  5.17046083e+04
 1.45500  5.15642680e+04
 1.46000  5.14304823e+04
 1.46500  5.13031032e+04
 1.47000  5.11819815e+04
 1.47500  5.10669723e+04
 1.48000  5.09579372e+04
 1.48500  5.08547449e+04
 1.49000  5.07572800e+04
 1.49500  5.06654044e+04
 1.50000  5.05789580e+04
 1.50500  5.04977887e+04
 1.51000  5.04217518e+04
 1.51500  5.03507092e+04
 1.52000  5.02845285e+04
 1.52500  5.02230823e+04
 1.53000  5.01662478e+04
 1.53500  5.01139060e+04
 1.54000  5.00659414e+04
 1.54500  5.00222412e+04
 1.55000  4.99826956e+04
 1.55500  4.99471972e+04
 1.56000  4.99156408e+04
 1.56500  4.98879226e+04
 1.57000  4.98639396e+04
 1.57500  4.98435901e+04
 1.58000  4.98267774e+04
 1.58500  4.98134058e+04
 1.59000  4.98033800e+04
 1.59500  4.97966042e+04
 1.60000  4.97929831e+04
 1.60500  4.97924212e+04
 1.61000  4.97948255e+04
 1.61500  4.98001085e+04
 1.62000  4.98081834e+04
 1.62500  4.98189636e+04
 1.63000  4.98323624e+04
 1.63500  4.98482930e+04
 1.64000  4.98666689e+04
 1.64500  4.98874053e+04
 1.65000  4.99104225e+04
 1.65500  4.99356418e+04
 1.66000  4.99629845e+04
 1.66500  4.99923742e+04
 1.67000  5.00237346e+04
 1.67500  5.00569919e+04
 1.68000  5.00920740e+04
 1.68500  5.01289101e+04
 1.69000  5.01674312e+04
 1.69500  5.02075702e+04
 1.70000  5.02492613e+04
 1.70500  5.02924408e+04
 1.71000  5.03370464e+04
 1.71500  5.03830178e+04
 1.72000  5.04302963e+04
 1.72500  5.04788249e+04
 1.73000  5.05285485e+04
 1.73500  5.05794135e+04
 1.74000  5.06313683e+04
 1.74500  5.06843627e+04
 1.75000  5.07383483e+04
 1.75500  5.07932786e+04
 1.76000  5.08491078e+04
 1.76500  5.09057869e+04
 1.77000  5.09632632e+04
 1.77500  5.10214882e+04
 1.78000  5.10804145e+04
 1.78500  5.11399960e+04
 1.79000  5.12001874e+04
 1.79500  5.12609447e+04
 1.80000  5.13222246e+04
 1.80500  5.13839851e+04
 1.81000  5.14461847e+04
 1.81500  5.15087830e+04
 1.82000  5.15717406e+04
 1.82500  5.16350194e+04
 1.83000  5.16985827e+04
 1.83500  5.17623953e+04
 1.84000  5.18264231e+04
 1.84500  5.18906332e+04
 1.85000  5.19549936e+04
 1.85500  5.20194734e+04
 1.86000  5.20840429e+04
 1.86500  5.21486739e+04
 1.87000  5.22133427e+04
 1.87500  5.22780304e+04
 1.88000  5.23427156e+04
 1.88500  5.24073771e+04
 1.89000  5.24719931e+04
 1.89500  5.25365424e+04
 1.90000  5.26010047e+04
 1.90500  5.26653605e+04
 1.91000  5.27295913e+04
 1.91500  5.27936757e+04
 1.92000  5.28575719e+04
 1.92500  5.29212387e+04
 1.93000  5.29846419e+04
 1.93500  5.30477475e+04
 1.94000  5.31105240e+04
 1.94500  5.31729414e+04
 1.95000  5.32349707e+04
 1.95500  5.32965842e+04
 1.96000  5.33577554e+04
 1.96500  5.34184647e+04
 1.97000  5.34787038e+04
 1.97500  5.35384626e+04
 1.98000  5.35977315e+04
 1.98500  5.36565020e+04
 1.99000  5.37147688e+04
 1.99500  5.37725291e+04
 2.00000  5.38297804e+04
 2.00500  5.38865203e+04
 2.01000  5.39427499e+04
 2.01500  5.39984851e+04
 2.02000  5.40537353e+04
 2.02500  5.41084998e+04
 2.03000  5.41627795e+04
 2.03500  5.42165759e+04
 2.04000  5.42698903e+04
 2.04500  5.43227194e+04
 2.05000  5.43750583e+04
 2.05500  5.44269033e+04
 2.06000  5.44782423e+04
 2.06500  5.45290167e+04
 2.07000  5.45791845e+04
 2.07500  5.46287257e+04
 2.08000  5.46776197e+04
 2.08500  5.47258485e+04
 2.09000  5.47733954e+04
 2.09500  5.48202477e+04
 2.10000  5.48663972e+04
 2.10500  5.49118364e+04
 2.11000  5.49565600e+04
 2.11500  5.50005938e+04
 2.12000  5.50439933e+04
 2.12500  5.50867790e+04
 2.13000  5.51289699e+04
 2.13500  5.51705838e+04
 2.14000  5.52116384e+04
 2.14500  5.52521509e+04
 2.15000  5.52921374e+04
 2.15500  5.53316136e+04
 2.16000  5.53705935e+04
 2.16500  5.54090907e+04
 2.17000  5.54471080e+04
 2.17500  5.54846149e+04
 2.18000  5.55215951e+04
 2.18500  5.55580419e+04
 2.19000  5.55939484e+04
 2.19500  5.56293092e+04
 2.20000  5.56641197e+04
 2.20500  5.56983760e+04
 2.21000  5.57320753e+04
 2.21500  5.57652158e+04
 2.22000  5.57977956e+04
 2.22500  5.58298121e+04
 2.23000  5.58612644e+04
 2.23500  5.58921627e+04
 2.24000  5.59225204e+04
 2.24500  5.59523480e+04
 2.25000  5.59816560e+04
 2.25500  5.60104549e+04
 2.26000  5.60387549e+04
 2.26500  5.60665660e+04
 2.27000  5.60938978e+04
 2.27500  5.61207596e+04
 2.28000  5.61471606e+04
 2.28500  5.61731095e+04
 2.29000  5.61986150e+04
 2.29500  5.62236866e+04
 2.30000  5.62483356e+04
 2.30500  5.62725763e+04
 2.31000  5.62964207e+04
 2.31500  5.63198761e+04
 2.32000  5.63429490e+04
 2.32500  5.63656460e+04
 2.33000  5.63879734e+04
 2.33500  5.64099376e+04
 2.34000  5.64315445e+04
 2.34500  5.64527994e+04
 2.35000  5.64737072e+04
 2.35500  5.64942732e+04
 2.36000  5.65145022e+04
 2.36500  5.65343992e+04
 2.37000  5.65539693e+04
 2.37500  5.65732173e+04
 2.38000  5.65921472e+04
 2.38500  5.66107613e+04
 2.39000  5.66290621e+04
 2.39500  5.66470534e+04
 2.40000  5.66647394e+04
 2.40500  5.66821244e+04
 2.41000  5.66992125e+04
 2.41500  5.67160080e+04
 2.42000  5.67325152e+04
 2.42500  5.67487383e+04
 2.43000  5.67646815e+04
 2.43500  5.67803490e+04
 2.44000  5.67957450e+04
 2.44500  5.68108737e+04
 2.45000  5.68257393e+04
 2.45500  5.68403464e+04
 2.46000  5.68546995e+04
 2.46500  5.68688033e+04
 2.47000  5.68826621e+04
 2.47500  5.68962824e+04
 2.48000  5.69096714e+04
 2.48500  5.69228352e+04
 2.49000  5.69357789e+04
 2.49500  5.69485074e+04
 2.50000  5.69610252e+04
 2.50500  5.69733367e+04
 2.51000  5.69854461e+04
 2.51500  5.69973577e+04
 2.52000  5.70090755e+04
 2.52500  5.70206034e+04
 2.53000  5.70319451e+04
 2.53500  5.70431045e+04
 2.54000  5.70540851e+04
 2.54500  5.70648903e+04
 2.55000  5.70755236e+04
 2.55500  5.70859882e+04
 2.56000  5.70962874e+04
 2.56500  5.71064242e+04
 2.57000  5.71164017e+04
 2.57500  5.71262228e+04
 2.58000  5.71358905e+04
 2.58500  5.71454088e+04
 2.59000  5.71547821e+04
 2.59500  5.71640140e+04
 2.60000  5.71731075e+04
 2.60500  5.71820655e+04
 2.61000  5.71908902e+04
 2.61500  5.71995839e+04
 2.62000  5.72081491e+04
 2.62500  5.72165878e+04
 2.63000  5.72249024e+04
 2.63500  5.72330950e+04
 2.64000  5.72411677e+04
 2.64500  5.72491227e+04
 2.65000  5.72569618e+04
 2.65500  5.72646872e+04
 2.66000  5.72723007e+04
 2.66500  5.72798043e+04
 2.67000  5.72871998e+04
 2.67500  5.72944891e+04
 2.68000  5.73016739e+04
 2.68500  5.73087560e+04
 2.69000  5.73157371e+04
 2.69500  5.73226189e+04
 2.70000  5.73294030e+04
 2.70500  5.73360910e+04
 2.71000  5.73426844e+04
 2.71500  5.73491852e+04
 2.72000  5.73555954e+04
 2.72500  5.73619169e+04
 2.73000  5.73681517e+04
 2.73500  5.73743013e+04
 2.74000  5.73803674e+04
 2.74500  5.73863514e+04
 2.75000  5.73922547e+04
 2.75500  5.73980786e+04
 2.76000  5.74038244e+04
 2.76500  5.74094934e+04
 2.77000  5.74150870e+04
 2.77500  5.74206063e+04
 2.78000  5.74260527e+04
 2.78500  5.74314273e+04
 2.79000  5.74367313e+04
 2.79500  5.74419659e+04
 2.80000  5.74471322e+04
 2.80500  5.74522313e+04
 2.81000  5.74572643e+04
 2.81500  5.74622323e+04
 2.82000  5.74671364e+04
 2.82500  5.74719775e+04
 2.83000  5.74767567e+04
 2.83500  5.74814750e+04
 2.84000  5.74861333e+04
 2.84500  5.74907326e+04
 2.85000  5.74952739e+04
 2.85500  5.74997580e+04
 2.86000  5.75041858e+04
 2.86500  5.75085582e+04
 2.87000  5.75128762e+04
 2.87500  5.75171409e+04
 2.88000  5.75213535e+04
 2.88500  5.75255149e+04
 2.89000  5.75296263e+04
 2.89500  5.75336885e+04
 2.90000  5.75377024e+04
 2.90500  5.75416690e+04
 2.91000  5.75455889e+04
 2.91500  5.75494629e+04
 2.92000  5.75532918e+04
 2.92500  5.75570763e+04
 2.93000  5.75608170e+04
 2.93500  5.75645148e+04
 2.94000  5.75681702e+04
 2.94500  5.75717840e+04
 2.95000  5.75753569e+04
 2.95500  5.75788894e+04
 2.96000  5.75823822e+04
 2.96500  5.75858360e+04
 2.97000  5.75892514e+04
 2.97500  5.75926289e+04
 2.98000  5.75959692e+04
 2.98500  5.75992729e+04
 2.99000  5.76025405e+04
 2.99500  5.76057726e+04
 3.00000  5.76089698e+04
 3.00500  5.76121325e+04
 3.01000  5.76152614e+04
 3.01500  5.76183569e+04
 3.02000  5.76214196e+04
 3.02500  5.76244499e+04
 3.03000  5.76274484e+04
 3.03500  5.76304155e+04
 3.04000  5.76333518e+04
 3.04500  5.76362576e+04
 3.05000  5.76391335e+04
 3.05500  5.76419798e+04
 3.06000  5.76447970e+04
 3.06500  5.76475853e+04
 3.07000  5.76503450e+04
 3.07500  5.76530763e+04
 3.08000  5.76557796e+04
 3.08500  5.76584551e+04
 3.09000  5.76611031e+04
 3.09500  5.76637240e+04
 3.10000  5.76663180e+04
 3.10500  5.76688855e+04
 3.11000  5.76714269e+04
 3.11500  5.76739424e+04
 3.12000  5.76764325e+04
 3.12500  5.76788974e+04
 3.13000  5.76813375e+04
 3.13500  5.76837530e+04
 3.14000  5.76861443e+04
 3.14500  5.76885117e+04
 3.15000  5.76908555e+04
 3.15500  5.76931760e+04
 3.16000  5.76954734e+04
 3.16500  5.76977481e+04
 3.17000  5.77000002e+04
 3.17500  5.77022302e+04
 3.18000  5.77044383e+04
 3.18500  5.77066247e+04
 3.19000  5.77087897e+04
 3.19500  5.77109335e+04
 3.20000  5.77130565e+04
 3.20500  5.77151588e+04
 3.21000  5.77172408e+04
 3.21500  5.77193027e+04
 3.22000  5.77213446e+04
 3.22500  5.77233669e+04
 3.23000  5.77253698e+04
 3.23500  5.77273536e+04
 3.24000  5.77293184e+04
 3.24500  5.77312644e+04
 3.25000  5.77331920e+04
 3.25500  5.77351013e+04
 3.26000  5.77369925e+04
 3.26500  5.77388659e+04
 3.27000  5.77407216e+04
 3.27500  5.77425600e+04
 3.28000  5.77443810e+04
 3.28500  5.77461849e+04
 3.29000  5.77479717e+04
 3.29500  5.77497412e+04
 3.30000  5.77514937e+04
 3.30500  5.77532290e+04
 3.31000  5.77549472e+04
 3.31500  5.77566485e+04
 3.32000  5.77583329e+04
 3.32500  5.77600005e+04
 3.33000  5.77616513e+04
 3.33500  5.77632855e+04
 3.34000  5.77649034e+04
 3.34500  5.77665050e+04
 3.35000  5.77680906e+04
 3.35500  5.77696603e+04
 3.36000  5.77712142e+04
 3.36500  5.77727526e+04
 3.37000  5.77742756e+04
 3.37500  5.77757832e+04
 3.38000  5.77772757e+04
 3.38500  5.77787532e+04
 3.39000  5.77802159e+04
 3.39500  5.77816639e+04
 3.40000  5.77830973e+04
 3.40500  5.77845164e+04
 3.41000  5.77859211e+04
 3.41500  5.77873118e+04
 3.42000  5.77886884e+04
 3.42500  5.77900512e+04
 3.43000  5.77914002e+04
 3.43500  5.77927357e+04
 3.44000  5.77940577e+04
 3.44500  5.77953664e+04
 3.45000  5.77966619e+04
 3.45500  5.77979444e+04
 3.46000  5.77992139e+04
 3.46500  5.78004706e+04
 3.47000  5.78017146e+04
 3.47500  5.78029460e+04
 3.48000  5.78041651e+04
 3.48500  5.78053718e+04
 3.49000  5.78065663e+04
 3.49500  5.78077488e+04
 3.50000  5.78089193e+04
 3.50500  5.78100780e+04
 3.51000  5.78112249e+04
 3.51500  5.78123603e+04
 3.52000  5.78134842e+04
 3.52500  5.78145967e+04
 3.53000  5.78156980e+04
 3.53500  5.78167881e+04
 3.54000  5.78178671e+04
 3.54500  5.78189353e+04
 3.55000  5.78199926e+04
 3.55500  5.78210393e+04
 3.56000  5.78220753e+04
 3.56500  5.78231008e+04
 3.57000  5.78241160e+04
 3.57500  5.78251208e+04
 3.58000  5.78261155e+04
 3.58500  5.78271001e+04
 3.59000  5.78280747e+04
 3.59500  5.78290394e+04
 3.60000  5.78299944e+04
 3.60500  5.78309396e+04
 3.61000  5.78318753e+04
 3.61500  5.78328015e+04
 3.62000  5.78337183e+04
 3.62500  5.78346257e+04
 3.63000  5.78355240e+04
 3.63500  5.78364131e+04
 3.64000  5.78372932e+04
 3.64500  5.78381644e+04
 3.65000  5.78390267e+04
 3.65500  5.78398803e+04
 3.66000  5.78407252e+04
 3.66500  5.78415615e+04
 3.67000  5.78423893e+04
 3.67500  5.78432086e+04
 3.68000  5.78440197e+04
 3.68500  5.78448225e+04
 3.69000  5.78456171e+04
 3.69500  5.78464037e+04
 3.70000  5.78471822e+04
 3.70500  5.78479529e+04
 3.71000  5.78487157e+04
 3.71500  5.78494707e+04
 3.72000  5.78502181e+04
 3.72500  5.78509578e+04
 3.73000  5.78516900e+04
 3.73500  5.78524148e+04
 3.74000  5.78531322e+04
 3.74500  5.78538423e+04
 3.75000  5.78545451e+04
 3.75500  5.78552408e+04
 3.76000  5.78559295e+04
 3.76500  5.78566111e+04
 3.77000  5.78572858e+04
 3.77500  5.78579536e+04
 3.78000  5.78586147e+04
 3.78500  5.78592690e+04
 3.79000  5.78599166e+04
 3.79500  5.78605577e+04
 3.80000  5.78611923e+04
 3.80500  5.78618205e+04
 3.81000  5.78624422e+04
 3.81500  5.78630577e+04
 3.82000  5.78636669e+04
 3.82500  5.78642699e+04
 3.83000  5.78648669e+04
 3.83500  5.78654577e+04
 3.84000  5.78660426e+04
 3.84500  5.78666216e+04
 3.85000  5.78671947e+04
 3.85500  5.78677620e+04
 3.86000  5.78683235e+04
 3.86500  5.78688794e+04
 3.87000  5.78694296e+04
 3.87500  5.78699743e+04
 3.88000  5.78705135e+04
 3.88500  5.78710472e+04
 3.89000  5.78715756e+04
 3.89500  5.78720986e+04
 3.90000  5.78726163e+04
 3.90500  5.78731288e+04
 3.91000  5.78736361e+04
 3.91500  5.78741383e+04
 3.92000  5.78746354e+04
 3.92500  5.78751276e+04
 3.93000  5.78756147e+04
 3.93500  5.78760970e+04
 3.94000  5.78765744e+04
 3.94500  5.78770470e+04
 3.95000  5.78775148e+04
 3.95500  5.78779779e+04
 3.96000  5.78784363e+04
 3.96500  5.78788902e+04
 3.97000  5.78793395e+04
 3.97500  5.78797842e+04
 3.98000  5.78802245e+04
 3.98500  5.78806604e+04
 3.99000  5.78810918e+04
 3.99500  5.78815190e+04
 4.00000  5.78819418e+04
 4.00500  5.78823604e+04
 4.01000  5.78827748e+04
 4.01500  5.78831851e+04
 4.02000  5.78835912e+04
 4.02500  5.78839933e+04
 4.03000  5.78843913e+04
 4.03500  5.78847853e+04
 4.04000  5.78851754e+04
 4.04500  5.78855616e+04
 4.05000  5.78859439e+04
 4.05500  5.78863223e+04
 4.06000  5.78866970e+04
 4.06500  5.78870680e+04
 4.07000  5.78874352e+04
 4.07500  5.78877987e+04
 4.08000  5.78881586e+04
 4.08500  5.78885150e+04
 4.09000  5.78888677e+04
 4.09500  5.78892169e+04
 4.10000  5.78895627e+04
 4.10500  5.78899049e+04
 4.11000  5.78902438e+04
 4.11500  5.78905793e+04
 4.12000  5.78909114e+04
 4.12500  5.78912402e+04
 4.13000  5.78915657e+04
 4.13500  5.78918880e+04
 4.14000  5.78922071e+04
 4.14500  5.78925230e+04
 4.15000  5.78928357e+04
 4.15500  5.78931453e+04
 4.16000  5.78934518e+04
 4.16500  5.78937553e+04
 4.17000  5.78940558e+04
 4.17500  5.78943532e+04
 4.18000  5.78946477e+04
 4.18500  5.78949393e+04
 4.19000  5.78952280e+04
 4.19500  5.78955138e+04
 4.20000  5.78957967e+04
 4.20500  5.78960768e+04
 4.21000  5.78963542e+04
 4.21500  5.78966288e+04
 4.22000  5.78969006e+04
 4.22500  5.78971698e+04
 4.23000  5.78974363e+04
 4.23500  5.78977001e+04
 4.24000  5.78979613e+04
 4.24500  5.78982200e+04
 4.25000  5.78984760e+04
 4.25500  5.78987295e+04
 4.26000  5.78989805e+04
 4.26500  5.78992290e+04
 4.27000  5.78994751e+04
 4.27500  5.78997187e+04
 4.28000  5.78999599e+04
 4.28500  5.79001986e+04
 4.29000  5.79004351e+04
 4.29500  5.79006692e+04
 4.30000  5.79009009e+04
 4.30500  5.79011304e+04
 4.31000  5.79013576e+04
 4.31500  5.79015825e+04
 4.32000  5.79018052e+04
 4.32500  5.79020258e+04
 4.33000  5.79022441e+04
 4.33500  5.79024602e+04
 4.34000  5.79026743e+04
 4.34500  5.79028862e+04
 4.35000  5.79030960e+04
 4.35500  5.79033038e+04
 4.36000  5.79035095e+04
 4.36500  5.79037131e+04
 4.37000  5.79039148e+04
 4.37500  5.79041144e+04
 4.38000  5.79043121e+04
 4.38500  5.79045078e+04
 4.39000  5.79047016e+04
 4.39500  5.79048935e+04
 4.40000  5.79050834e+04
 4.40500  5.79052715e+04
 4.41000  5.79054577e+04
 4.41500  5.79056421e+04
 4.42000  5.79058247e+04
 4.42500  5.79060054e+04
 4.43000  5.79061844e+04
 4.43500  5.79063616e+04
 4.44000  5.79065370e+04
 4.44500  5.79067108e+04
 4.45000  5.79068828e+04
 4.45500  5.79070531e+04
 4.46000  5.79072218e+04
 4.46500  5.79073888e+04
 4.47000  5.79075542e+04
 4.47500  5.79077179e+04
 4.48000  5.79078801e+04
 4.48500  5.79080407e+04
 4.49000  5.79081985e+04
 4.49500  5.79083539e+04
 4.50000  5.79085075e+04
 4.50500  5.79086595e+04
 4.51000  5.79088097e+04
 4.51500  5.79089583e+04
 4.52000  5.79091052e+04
 4.52500  5.79092504e+04
 4.53000  5.79093940e+04
 4.53500  5.79095361e+04
 4.54000  5.79096765e+04
 4.54500  5.79098154e+04
 4.55000  5.79099528e+04
 4.55500  5.79100886e+04
 4.56000  5.79102229e+04
 4.56500  5.79103558e+04
 4.57000  5.79104871e+04
 4.57500  5.79106170e+04
 4.58000  5.79107455e+04
 4.58500  5.79108726e+04
 4.59000  5.79109983e+04
 4.59500  5.79111226e+04
 4.60000  5.79112455e+04
 4.60500  5.79113671e+04
 4.61000  5.79114873e+04
 4.61500  5.79116062e+04
 4.62000  5.79117239e+04
 4.62500  5.79118402e+04
 4.63000  5.79119553e+04
 4.63500  5.79120691e+04
 4.64000  5.79121817e+04
 4.64500  5.79122930e+04
 4.65000  5.79124032e+04
 4.65500  5.79125121e+04
 4.66000  5.79126199e+04
 4.66500  5.79127265e+04
 4.67000  5.79128319e+04
 4.67500  5.79129363e+04
 4.68000  5.79130394e+04
 4.68500  5.79131415e+04
 4.69000  5.79132425e+04
 4.69500  5.79133424e+04
 4.70000  5.79134412e+04
 4.70500  5.79135389e+04
 4.71000  5.79136356e+04
 4.71500  5.79137313e+04
 4.72000  5.79138259e+04
 4.72500  5.79139196e+04
 4.73000  5.79140122e+04
 4.73500  5.79141038e+04
 4.74000  5.79141945e+04
 4.74500  5.79142842e+04
 4.75000  5.79143729e+04
 4.75500  5.79144607e+04
 4.76000  5.79145476e+04
 4.76500  5.79146336e+04
 4.77000  5.79147186e+04
 4.77500  5.79148027e+04
 4.78000  5.79148860e+04
 4.78500  5.79149684e+04
 4.79000  5.79150499e+04
 4.79500  5.79151305e+04
 4.80000  5.79152103e+04
 4.80500  5.79152893e+04
 4.81000  5.79153674e+04
 4.81500  5.79154447e+04
 4.82000  5.79155212e+04
 4.82500  5.79155969e+04
 4.83000  5.79156718e+04
 4.83500  5.79157459e+04
 4.84000  5.79158192e+04
 4.84500  5.79158918e+04
 4.85000  5.79159637e+04
 4.85500  5.79160347e+04
 4.86000  5.79161051e+04
 4.86500  5.79161747e+04
 4.87000  5.79162436e+04
 4.87500  5.79163117e+04
 4.88000  5.79163792e+04
 4.88500  5.79164460e+04
 4.89000  5.79165121e+04
 4.89500  5.79165774e+04
 4.90000  5.79166422e+04
 4.90500  5.79167062e+04
 4.91000  5.79167696e+04
 4.91500  5.79168324e+04
 4.92000  5.79168945e+04
 4.92500  5.79169559e+04
 4.93000  5.79170168e+04
 4.93500  5.79170770e+04
 4.94000  5.79171366e+04
 4.94500  5.79171956e+04
 4.95000  5.79172539e+04
 4.95500  5.79173117e+04
 4.96000  5.79173689e+04
 4.96500  5.79174255e+04
 4.97000  5.79174816e+04
 4.97500  5.79175371e+04
 4.98000  5.79175920e+04
 4.98500  5.79176463e+04
 4.99000  5.79177001e+04
 4.99500  5.79177534e+04
 5.00000  5.79178061e+04
 5.00500  5.79178583e+04
 5.01000  5.79179099e+04
 5.01500  5.79179611e+04
 5.02000  5.79180117e+04
 5.02500  5.79180618e+04
 5.03000  5.79181114e+04
 5.03500  5.79181606e+04
 5.04000  5.79182092e+04
 5.04500  5.79182573e+04
 5.05000  5.79183050e+04
 5.05500  5.79183521e+04
 5.06000  5.79183989e+04
 5.06500  5.79184451e+04
 5.07000  5.79184909e+04
 5.07500  5.79185362e+04
 5.08000  5.79185811e+04
 5.08500  5.79186255e+04
 5.09000  5.79186695e+04
 5.09500  5.79187130e+04
 5.10000  5.79187561e+04
 5.10500  5.79187988e+04
 5.11000  5.79188411e+04
 5.11500  5.79188830e+04
 5.12000  5.79189244e+04
 5.12500  5.79189654e+04
 5.13000  5.79190060e+04
 5.13500  5.79190463e+04
 5.14000  5.79190861e+04
 5.14500  5.79191255e+04
 5.15000  5.79191646e+04
 5.15500  5.79192033e+04
 5.16000  5.79192416e+04
 5.16500  5.79192795e+04
 5.17000  5.79193170e+04
 5.17500  5.79193542e+04
 5.18000  5.79193910e+04
 5.18500  5.79194275e+04
 5.19000  5.79194636e+04
 5.19500  5.79194993e+04
 5.20000  5.79195347e+04
 5.20500  5.79195698e+04
 5.21000  5.79196045e+04
 5.21500  5.79196389e+04
 5.22000  5.79196729e+04
 5.22500  5.79197066e+04
 5.23000  5.79197400e+04
 5.23500  5.79197731e+04
 5.24000  5.79198059e+04
 5.24500  5.79198383e+04
 5.25000  5.79198704e+04
 5.25500  5.79199022e+04
 5.26000  5.79199338e+04
 5.26500  5.79199650e+04
 5.27000  5.79199959e+04
 5.27500  5.79200265e+04
 5.28000  5.79200568e+04
 5.28500  5.79200868e+04
 5.29000  5.79201166e+04
 5.29500  5.79201460e+04
 5.30000  5.79201752e+04
 5.30500  5.79202041e+04
 5.31000  5.79202327e+04
 5.31500  5.79202611e+04
 5.32000  5.79202892e+04
 5.32500  5.79203170e+04
 5.33000  5.79203445e+04
 5.33500  5.79203718e+04
 5.34000  5.79203989e+04
 5.34500  5.79204256e+04
 5.35000  5.79204522e+04
 5.35500  5.79204784e+04
 5.36000  5.79205045e+04
 5.36500  5.79205302e+04
 5.37000  5.79205558e+04
 5.37500  5.79205811e+04
 5.38000  5.79206061e+04
 5.38500  5.79206310e+04
 5.39000  5.79206556e+04
 5.39500  5.79206799e+04
 5.40000  5.79207041e+04
 5.40500  5.79207280e+04
 5.41000  5.79207517e+04
 5.41500  5.79207751e+04
 5.42000  5.79207984e+04
 5.42500  5.79208214e+04
 5.43000  5.79208442e+04
 5.43500  5.79208668e+04
 5.44000  5.79208892e+04
 5.44500  5.79209114e+04
 5.45000  5.79209334e+04
 5.45500  5.79209551e+04
 5.46000  5.79209767e+04
 5.46500  5.79209981e+04
 5.47000  5.79210193e+04
 5.47500  5.79210402e+04
 5.48000  5.79210610e+04
 5.48500  5.79210816e+04
 5.49000  5.79211020e+04
 5.49500  5.79211222e+04
 5.50000  5.79211423e+04
 5.50500  5.79211621e+04
 5.51000  5.79211818e+04
 5.51500  5.79212013e+04
 5.52000  5.79212206e+04
 5.52500  5.79212397e+04
 5.53000  5.79212587e+04
 5.53500  5.79212775e+04
 5.54000  5.79212961e+04
 5.54500  5.79213145e+04
 5.55000  5.79213328e+04
 5.55500  5.79213509e+04
 5.56000  5.79213688e+04
 5.56500  5.79213866e+04
 5.57000  5.79214042e+04
 5.57500  5.79214217e+04
 5.58000  5.79214390e+04
 5.58500  5.79214561e+04
 5.59000  5.79214731e+04
 5.59500  5.79214900e+04
 5.60000  5.79215066e+04
 5.60500  5.79215232e+04
 5.61000  5.79215396e+04
 5.61500  5.79215558e+04
 5.62000  5.79215719e+04
 5.62500  5.79215878e+04
 5.63000  5.79216036e+04
 5.63500  5.79216193e+04
 5.64000  5.79216348e+04
 5.64500  5.79216502e+04
 5.65000  5.79216654e+04
 5.65500  5.79216805e+04
 5.66000  5.79216955e+04
 5.66500  5.79217104e+04
 5.67000  5.79217251e+04
 5.67500  5.79217396e+04
 5.68000  5.79217541e+04
 5.68500  5.79217684e+04
 5.69000  5.79217826e+04
 5.69500  5.79217967e+04
 5.70000  5.79218106e+04
 5.70500  5.79218244e+04
 5.71000  5.79218381e+04
 5.71500  5.79218517e+04
 5.72000  5.79218651e+04
 5.72500  5.79218785e+04
 5.73000  5.79218917e+04
 5.73500  5.79219048e+04
 5.74000  5.79219178e+04
 5.74500  5.79219306e+04
 5.75000  5.79219434e+04
 5.75500  5.79219560e+04
 5.76000  5.79219686e+04
 5.76500  5.79219810e+04
 5.77000  5.79219933e+04
 5.77500  5.79220055e+04
 5.78000  5.79220176e+04
 5.78500  5.79220296e+04
 5.79000  5.79220415e+04
 5.79500  5.79220533e+04
 5.80000  5.79220650e+04
 5.80500  5.79220765e+04
 5.81000  5.79220880e+04
 5.81500  5.79220994e+04
 5.82000  5.79221107e+04
 5.82500  5.79221219e+04
 5.83000  5.79221330e+04
 5.83500  5.79221440e+04
 5.84000  5.79221548e+04
 5.84500  5.79221656e+04
 5.85000  5.79221764e+04
 5.85500  5.79221870e+04
 5.86000  5.79221975e+04
 5.86500  5.79222079e+04
 5.87000  5.79222183e+04
 5.87500  5.79222285e+04
 5.88000  5.79222387e+04
 5.88500  5.79222488e+04
 5.89000  5.79222588e+04
 5.89500  5.79222687e+04
 5.90000  5.79222785e+04
 5.90500  5.79222882e+04
 5.91000  5.79222979e+04
 5.91500  5.79223075e+04
 5.92000  5.79223169e+04
 5.92500  5.79223264e+04
 5.93000  5.79223357e+04
 5.93500  5.79223449e+04
 5.94000  5.79223541e+04
 5.94500  5.79223632e+04
 5.95000  5.79223722e+04
 5.95500  5.79223812e+04
 5.96000  5.79223900e+04
 5.96500  5.79223988e+04
 5.97000  5.79224075e+04
 5.97500  5.79224162e+04
 5.98000  5.79224247e+04
 5.98500  5.79224332e+04
 5.99000  5.79224416e+04
 5.99500  5.79224500e+04
 6.00000  5.79224583e+04
 6.00500  5.79224665e+04
 6.01000  5.79224746e+04
 6.01500  5.79224827e+04
 6.02000  5.79224907e+04
 6.02500  5.79224986e+04
 6.03000  5.79225065e+04
 6.03500  5.79225143e+04
 6.04000  5.79225221e+04
 6.04500  5.79225297e+04
 6.05000  5.79225374e+04
 6.05500  5.79225449e+04
 6.06000  5.79225524e+04
 6.06500  5.79225598e+04
 6.07000  5.79225672e+04
 6.07500  5.79225745e+04
 6.08000  5.79225817e+04
 6.08500  5.79225889e+04
 6.09000  5.79225960e+04
 6.09500  5.79226031e+04
 6.10000  5.79226101e+04
 6.10500  5.79226170e+04
 6.11000  5.79226239e+04
 6.11500  5.79226307e+04
 6.12000  5.79226375e+04
 6.12500  5.79226442e+04
 6.13000  5.79226509e+04
 6.13500  5.79226575e+04
 6.14000  5.79226640e+04
 6.14500  5.79226705e+04
 6.15000  5.79226770e+04
 6.15500  5.79226834e+04
 6.16000  5.79226897e+04
 6.16500  5.79226960e+04
 6.17000  5.79227022e+04
 6.17500  5.79227084e+04
 6.18000  5.79227146e+04
 6.18500  5.79227206e+04
 6.19000  5.79227267e+04
 6.19500  5.79227327e+04
 6.20000  5.79227386e+04
 6.20500  5.79227445e+04
 6.21000  5.79227503e+04
 6.21500  5.79227561e+04
 6.22000  5.79227619e+04
 6.22500  5.79227676e+04
 6.23000  5.79227732e+04
 6.23500  5.79227788e+04
 6.24000  5.79227844e+04
 6.24500  5.79227899e+04
 6.25000  5.79227954e+04
 6.25500  5.79228008e+04
 6.26000  5.79228062e+04
 6.26500  5.79228115e+04
 6.27000  5.79228168e+04
 6.27500  5.79228221e+04
 6.28000  5.79228273e+04
 6.28500  5.79228325e+04
 6.29000  5.79228376e+04
 6.29500  5.79228427e+04
 6.30000  5.79228477e+04
 6.30500  5.79228527e+04
 6.31000  5.79228577e+04
 6.31500  5.79228626e+04
 6.32000  5.79228675e+04
 6.32500  5.79228724e+04
 6.33000  5.79228772e+04
 6.33500  5.79228819e+04
 6.34000  5.79228867e+04
 6.34500  5.79228914e+04
 6.35000  5.79228960e+04
 6.35500  5.79229006e+04
 6.36000  5.79229052e+04
 6.36500  5.79229098e+04
 6.37000  5.79229143e+04
 6.37500  5.79229188e+04
 6.38000  5.79229232e+04
 6.38500  5.79229276e+04
 6.39000  5.79229320e+04
 6.39500  5.79229363e+04
 6.40000  5.79229406e+04
 6.40500  5.79229449e+04
 6.41000  5.79229491e+04
 6.41500  5.79229533e+04
 6.42000  5.79229575e+04
 6.42500  5.79229616e+04
 6.43000  5.79229657e+04
 6.43500  5.79229698e+04
 6.44000  5.79229738e+04
 6.44500  5.79229778e+04
 6.45000  5.79229818e+04
 6.45500  5.79229857e+04
 6.46000  5.79229896e+04
 6.46500  5.79229935e+04
 6.47000  5.79229974e+04
 6.47500  5.79230012e+04
 6.48000  5.79230050e+04
 6.48500  5.79230087e+04
 6.49000  5.79230125e+04
 6.49500  5.79230162e+04
 6.50000  5.79230199e+04
 6.50500  5.79230235e+04
 6.51000  5.79230271e+04
 6.51500  5.79230307e+04
 6.52000  5.79230343e+04
 6.52500  5.79230378e+04
 6.53000  5.79230413e+04
 6.53500  5.79230448e+04
 6.54000  5.79230482e+04
 6.54500  5.79230517e+04
 6.55000  5.79230551e+04
 6.55500  5.79230584e+04
 6.56000  5.79230618e+04
 6.56500  5.79230651e+04
 6.57000  5.79230684e+04
 6.57500  5.79230717e+04
 6.58000  5.79230749e+04
 6.58500  5.79230781e+04
 6.59000  5.79230813e+04
 6.59500  5.79230845e+04
 6.60000  5.79230877e+04
 6.60500  5.79230908e+04
 6.61000  5.79230939e+04
 6.61500  5.79230970e+04
 6.62000  5.79231000e+04
 6.62500  5.79231030e+04
 6.63000  5.79231060e+04
 6.63500  5.79231090e+04
 6.64000  5.79231120e+04
 6.64500  5.79231149e+04
 6.65000  5.79231178e+04
 6.65500  5.79231207e+04
 6.66000  5.79231236e+04
 6.66500  5.79231264e+04
 6.67000  5.79231293e+04
 6.67500  5.79231321e+04
 6.68000  5.79231349e+04
 6.68500  5.79231376e+04
 6.69000  5.79231404e+04
 6.69500  5.79231431e+04
 6.70000  5.79231458e+04
 6.70500  5.79231485e+04
 6.71000  5.79231511e+04
 6.71500  5.79231538e+04
 6.72000  5.79231564e+04
 6.72500  5.79231590e+04
 6.73000  5.79231616e+04
 6.73500  5.79231641e+04
 6.74000  5.79231667e+04
 6.74500  5.79231692e+04
 6.75000  5.79231717e+04
 6.75500  5.79231742e+04
 6.76000  5.79231767e+04
 6.76500  5.79231791e+04
 6.77000  5.79231815e+04
 6.77500  5.79231840e+04
 6.78000  5.79231864e+04
 6.78500  5.79231887e+04
 6.79000  5.79231911e+04
 6.79500  5.79231934e+04
 6.80000  5.79231958e+04
 6.80500  5.79231981e+04
 6.81000  5.79232004e+04
 6.81500  5.79232026e+04
 6.82000  5.79232049e+04
 6.82500  5.79232071e+04
 6.83000  5.79232093e+04
 6.83500  5.79232115e+04
 6.84000  5.79232137e+04
 6.84500  5.79232159e+04
 6.85000  5.79232181e+04
 6.85500  5.79232202e+04
 6.86000  5.79232223e+04
 6.86500  5.79232244e+04
 6.87000  5.79232265e+04
 6.87500  5.79232286e+04
 6.88000  5.79232307e+04
 6.88500  5.79232327e+04
 6.89000  5.79232348e+04
 6.89500  5.79232368e+04
 6.90000  5.79232388e+04
 6.90500  5.79232408e+04
 6.91000  5.79232428e+04
 6.91500  5.79232447e+04
 6.92000  5.79232467e+04
 6.92500  5.79232486e+04
 6.93000  5.79232505e+04
 6.93500  5.79232524e+04
 6.94000  5.79232543e+04
 6.94500  5.79232562e+04
 6.95000  5.79232580e+04
 6.95500  5.79232599e+04
 6.96000  5.79232617e+04
 6.96500  5.79232635e+04
 6.97000  5.79232654e+04
 6.97500  5.79232672e+04
 6.98000  5.79232689e+04
 6.98500  5.79232707e+04
 6.99000  5.79232725e+04
 6.99500  5.79232742e+04
 7.00000  5.79232759e+04
 7.00500  5.79232777e+04
 7.01000  5.79232794e+04
 7.01500  5.79232811e+04
 7.02000  5.79232827e+04
 7.02500  5.79232844e+04
 7.03000  5.79232861e+04
 7.03500  5.79232877e+04
 7.04000  5.79232894e+04
 7.04500  5.79232910e+04
 7.05000  5.79232926e+04
 7.05500  5.79232942e+04
 7.06000  5.79232958e+04
 7.06500  5.79232973e+04
 7.07000  5.79232989e+04
 7.07500  5.79233005e+04
 7.08000  5.79233020e+04
 7.08500  5.79233035e+04
 7.09000  5.79233051e+04
 7.09500  5.79233066e+04
 7.10000  5.79233081e+04
 7.10500  5.79233096e+04
 7.11000  5.79233110e+04
 7.11500  5.79233125e+04
 7.12000  5.79233140e+04
 7.12500  5.79233154e+04
 7.13000  5.79233168e+04
 7.13500  5.79233183e+04
 7.14000  5.79233197e+04
 7.14500  5.79233211e+04
 7.15000  5.79233225e+04
 7.15500  5.79233239e+04
 7.16000  5.79233253e+04
 7.16500  5.79233266e+04
 7.17000  5.79233280e+04
 7.17500  5.79233293e+04
 7.18000  5.79233307e+04
 7.18500  5.79233320e+04
 7.19000  5.79233333e+04
 7.19500  5.79233346e+04
 7.20000  5.79233359e+04
 7.20500  5.79233372e+04
 7.21000  5.79233385e+04
 7.21500  5.79233398e+04
 7.22000  5.79233410e+04
 7.22500  5.79233423e+04
 7.23000  5.79233435e+04
 7.23500  5.79233448e+04
 7.24000  5.79233460e+04
 7.24500  5.79233472e+04
 7.25000  5.79233484e+04
 7.25500  5.79233497e+04
 7.26000  5.79233508e+04
 7.26500  5.79233520e+04
 7.27000  5.79233532e+04
 7.27500  5.79233544e+04
 7.28000  5.79233555e+04
 7.28500  5.79233567e+04
 7.29000  5.79233578e+04
 7.29500  5.79233590e+04
 7.30000  5.79233601e+04
 7.30500  5.79233612e+04
 7.31000  5.79233624e+04
 7.31500  5.79233635e+04
 7.32000  5.79233646e+04
 7.32500  5.79233657e+04
 7.33000  5.79233667e+04
 7.33500  5.79233678e+04
 7.34000  5.79233689e+04
 7.34500  5.79233700e+04
 7.35000  5.79233710e+04
 7.35500  5.79233721e+04
 7.36000  5.79233731e+04
 7.36500  5.79233741e+04
 7.37000  5.79233752e+04
 7.37500  5.79233762e+04
 7.38000  5.79233772e+04
 7.38500  5.79233782e+04
 7.39000  5.79233792e+04
 7.39500  5.79233802e+04
 7.40000  5.79233812e+04
 7.40500  5.79233821e+04
 7.41000  5.79233831e+04
 7.41500  5.79233841e+04
 7.42000  5.79233850e+04
 7.42500  5.79233860e+04
 7.43000  5.79233869e+04
 7.43500  5.79233879e+04
 7.44000  5.79233888e+04
 7.44500  5.79233897e+04
 7.45000  5.79233907e+04
 7.45500  5.79233916e+04
 7.46000  5.79233925e+04
 7.46500  5.79233934e+04
 7.47000  5.79233943e+04
 7.47500  5.79233952e+04
 7.48000  5.79233960e+04
 7.48500  5.79233969e+04
 7.49000  5.79233978e+04
 7.49500  5.79233987e+04
 7.50000  5.79233995e+04
 7.50500  5.79234004e+04
 7.51000  5.79234012e+04
 7.51500  5.79234021e+04
 7.52000  5.79234029e+04
 7.52500  5.79234037e+04
 7.53000  5.79234046e+04
 7.53500  5.79234054e+04
 7.54000  5.79234062e+04
 7.54500  5.79234070e+04
 7.55000  5.79234078e+04
 7.55500  5.79234086e+04
 7.56000  5.79234094e+04
 7.56500  5.79234102e+04
 7.57000  5.79234110e+04
 7.57500  5.79234117e+04
 7.58000  5.79234125e+04
 7.58500  5.79234133e+04
 7.59000  5.79234140e+04
 7.59500  5.79234148e+04
 7.60000  5.79234156e+04
 7.60500  5.79234163e+04
 7.61000  5.79234170e+04
 7.61500  5.79234178e+04
 7.62000  5.79234185e+04
 7.62500  5.79234192e+04
 7.63000  5.79234200e+04
 7.63500  5.79234207e+04
 7.64000  5.79234214e+04
 7.64500  5.79234221e+04
 7.65000  5.79234228e+04
 7.65500  5.79234235e+04
 7.66000  5.79234242e+04
 7.66500  5.79234249e+04
 7.67000  5.79234256e+04
 7.67500  5.79234262e+04
 7.68000  5.79234269e+04
 7.68500  5.79234276e+04
 7.69000  5.79234283e+04
 7.69500  5.79234289e+04
 7.70000  5.79234296e+04
 7.70500  5.79234302e+04
 7.71000  5.79234309e+04
 7.71500  5.79234315e+04
 7.72000  5.79234322e+04
 7.72500  5.79234328e+04
 7.73000  5.79234334e+04
 7.73500  5.79234341e+04
 7.74000  5.79234347e+04
 7.74500  5.79234353e+04
 7.75000  5.79234359e+04
 7.75500  5.79234365e+04
 7.76000  5.79234371e+04
 7.76500  5.79234378e+04
 7.77000  5.79234384e+04
 7.77500  5.79234389e+04
 7.78000  5.79234395e+04
 7.78500  5.79234401e+04
 7.79000  5.79234407e+04
 7.79500  5.79234413e+04
 7.80000  5.79234419e+04
 7.80500  5.79234424e+04
 7.81000  5.79234430e+04
 7.81500  5.79234436e+04
 7.82000  5.79234441e+04
 7.82500  5.79234447e+04
 7.83000  5.79234453e+04
 7.83500  5.79234458e+04
 7.84000  5.79234464e+04
 7.84500  5.79234469e+04
 7.85000  5.79234474e+04
 7.85500  5.79234480e+04
 7.86000  5.79234485e+04
 7.86500  5.79234490e+04
 7.87000  5.79234496e+04
 7.87500  5.79234501e+04
 7.88000  5.79234506e+04
 7.88500  5.79234511e+04
 7.89000  5.79234516e+04
 7.89500  5.79234522e+04
 7.90000  5.79234527e+04
 7.90500  5.79234532e+04
 7.91000  5.79234537e+04
 7.91500  5.79234542e+04
 7.92000  5.79234547e+04
 7.92500  5.79234552e+04
 7.93000  5.79234556e+04
 7.93500  5.79234561e+04
 7.94000  5.79234566e+04
 7.94500  5.79234571e+04
 7.95000  5.79234576e+04
 7.95500  5.79234580e+04
 7.96000  5.79234585e+04
 7.96500  5.79234590e+04
 7.97000  5.79234594e+04
 7.97500  5.79234599e+04
 7.98000  5.79234604e+04
 7.98500  5.79234608e+04
 7.99000  5.79234613e+04
 7.99500  5.79234617e+04
 8.00000  5.79234622e+04
 8.00500  5.79234626e+04
 8.01000  5.79234630e+04
 8.01500  5.79234635e+04
 8.02000  5.79234639e+04
 8.02500  5.79234643e+04
 8.03000  5.79234648e+04
 8.03500  5.79234652e+04
 8.04000  5.79234656e+04
 8.04500  5.79234661e+04
 8.05000  5.79234665e+04
 8.05500  5.79234669e+04
 8.06000  5.79234673e+04
 8.06500  5.79234677e+04
 8.07000  5.79234681e+04
 8.07500  5.79234685e+04
 8.08000  5.79234689e+04
 8.08500  5.79234693e+04
 8.09000  5.79234697e+04
 8.09500  5.79234701e+04
 8.10000  5.79234705e+04
 8.10500  5.79234709e+04
 8.11000  5.79234713e+04
 8.11500  5.79234717e+04
 8.12000  5.79234721e+04
 8.12500  5.79234725e+04
 8.13000  5.79234728e+04
 8.13500  5.79234732e+04
 8.14000  5.79234736e+04
 8.14500  5.79234740e+04
 8.15000  5.79234743e+04
 8.15500  5.79234747e+04
 8.16000  5.79234751e+04
 8.16500  5.79234754e+04
 8.17000  5.79234758e+04
 8.17500  5.79234761e+04
 8.18000  5.79234765e+04
 8.18500  5.79234768e+04
 8.19000  5.79234772e+04
 8.19500  5.79234776e+04
 8.20000  5.79234779e+04
 8.20500  5.79234782e+04
 8.21000  5.79234786e+04
 8.21500  5.79234789e+04
 8.22000  5.79234793e+04
 8.22500  5.79234796e+04
 8.23000  5.79234799e+04
 8.23500  5.79234803e+04
 8.24000  5.79234806e+04
 8.24500  5.79234809e+04
 8.25000  5.79234813e+04
 8.25500  5.79234816e+04
 8.26000  5.79234819e+04
 8.26500  5.79234822e+04
 8.27000  5.79234825e+04
 8.27500  5.79234829e+04
 8.28000  5.79234832e+04
 8.28500  5.79234835e+04
 8.29000  5.79234838e+04
 8.29500  5.79234841e+04
 8.30000  5.79234844e+04
 8.30500  5.79234847e+04
 8.31000  5.79234850e+04
 8.31500  5.79234853e+04
 8.32000  5.79234856e+04
 8.32500  5.79234859e+04
 8.33000  5.79234862e+04
 8.33500  5.79234865e+04
 8.34000  5.79234868e+04
 8.34500  5.79234871e+04
 8.35000  5.79234874e+04
 8.35500  5.79234877e+04
 8.36000  5.79234880e+04
 8.36500  5.79234882e+04
 8.37000  5.79234885e+04
 8.37500  5.79234888e+04
 8.38000  5.79234891e+04
 8.38500  5.79234894e+04
 8.39000  5.79234896e+04
 8.39500  5.79234899e+04
 8.40000  5.79234902e+04
 8.40500  5.79234905e+04
 8.41000  5.79234907e+04
 8.41500  5.79234910e+04
 8.42000  5.79234913e+04
 8.42500  5.79234915e+04
 8.43000  5.79234918e+04
 8.43500  5.79234920e+04
 8.44000  5.79234923e+04
 8.44500  5.79234926e+04
 8.45000  5.79234928e+04
 8.45500  5.79234931e+04
 8.46000  5.79234933e+04
 8.46500  5.79234936e+04
 8.47000  5.79234938e+04
 8.47500  5.79234941e+04
 8.48000  5.79234943e+04
 8.48500  5.79234946e+04
 8.49000  5.79234948e+04
 8.49500  5.79234951e+04
 8.50000  5.79234953e+04
 8.50500  5.79234955e+04
 8.51000  5.79234958e+04
 8.51500  5.79234960e+04
 8.52000  5.79234962e+04
 8.52500  5.79234965e+04
 8.53000  5.79234967e+04
 8.53500  5.79234969e+04
 8.54000  5.79234972e+04
 8.54500  5.79234974e+04
 8.55000  5.79234976e+04
 8.55500  5.79234979e+04
 8.56000  5.79234981e+04
 8.56500  5.79234983e+04
 8.57000  5.79234985e+04
 8.57500  5.79234987e+04
 8.58000  5.79234990e+04
 8.58500  5.79234992e+04
 8.59000  5.79234994e+04
 8.59500  5.79234996e+04
 8.60000  5.79234998e+04
 8.60500  5.79235000e+04
 8.61000  5.79235003e+04
 8.61500  5.79235005e+04
 8.62000  5.79235007e+04
 8.62500  5.79235009e+04
 8.63000  5.79235011e+04
 8.63500  5.79235013e+04
 8.64000  5.79235015e+04
 8.64500  5.79235017e+04
 8.65000  5.79235019e+04
 8.65500  5.79235021e+04
 8.66000  5.79235023e+04
 8.66500  5.79235025e+04
 8.67000  5.79235027e+04
 8.67500  5.79235029e+04
 8.68000  5.79235031e+04
 8.68500  5.79235033e+04
 8.69000  5.79235035e+04
 8.69500  5.79235037e+04
 8.70000  5.79235039e+04
 8.70500  5.79235041e+04
 8.71000  5.79235042e+04
 8.71500  5.79235044e+04
 8.72000  5.79235046e+04
 8.72500  5.79235048e+04
 8.73000  5.79235050e+04
 8.73500  5.79235052e+04
 8.74000  5.79235053e+04
 8.74500  5.79235055e+04
 8.75000  5.79235057e+04
 8.75500  5.79235059e+04
 8.76000  5.79235061e+04
 8.76500  5.79235062e+04
 8.77000  5.79235064e+04
 8.77500  5.79235066e+04
 8.78000  5.79235068e+04
 8.78500  5.79235069e+04
 8.79000  5.79235071e+04
 8.79500  5.79235073e+04
 8.80000  5.79235074e+04
 8.80500  5.79235076e+04
 8.81000  5.79235078e+04
 8.81500  5.79235080e+04
 8.82000  5.79235081e+04
 8.82500  5.79235083e+04
 8.83000  5.79235084e+04
 8.83500  5.79235086e+04
 8.84000  5.79235088e+04
 8.84500  5.79235089e+04
 8.85000  5.79235091e+04
 8.85500  5.79235093e+04
 8.86000  5.79235094e+04
 8.86500  5.79235096e+04
 8.87000  5.79235097e+04
 8.87500  5.79235099e+04
 8.88000  5.79235100e+04
 8.88500  5.79235102e+04
 8.89000  5.79235103e+04
 8.89500  5.79235105e+04
 8.90000  5.79235106e+04
 8.90500  5.79235108e+04
 8.91000  5.79235109e+04
 8.91500  5.79235111e+04
 8.92000  5.79235112e+04
 8.92500  5.79235114e+04
 8.93000  5.79235115e+04
 8.93500  5.79235117e+04
 8.94000  5.79235118e+04
 8.94500  5.79235120e+04
 8.95000  5.79235121e+04
 8.95500  5.79235123e+04
 8.96000  5.79235124e+04
 8.96500  5.79235125e+04
 8.97000  5.79235127e+04
 8.97500  5.79235128e+04
 8.98000  5.79235130e+04
 8.98500  5.79235131e+04
 8.99000  5.79235132e+04
 8.99500  5.79235134e+04
 9.00000  5.79235135e+04
 9.00500  5.79235136e+04
 9.01000  5.79235138e+04
 9.01500  5.79235139e+04
 9.02000  5.79235140e+04
 9.02500  5.79235142e+04
 9.03000  5.79235143e+04
 9.03500  5.79235144e+04
 9.04000  5.79235146e+04
 9.04500  5.79235147e+04
 9.05000  5.79235148e+04
 9.05500  5.79235149e+04
 9.06000  5.79235151e+04
 9.06500  5.79235152e+04
 9.07000  5.79235153e+04
 9.07500  5.79235154e+04
 9.08000  5.79235156e+04
 9.08500  5.79235157e+04
 9.09000  5.79235158e+04
 9.09500  5.79235159e+04
 9.10000  5.79235160e+04
 9.10500  5.79235162e+04
 9.11000  5.79235163e+04
 9.11500  5.79235164e+04
 9.12000  5.79235165e+04
 9.12500  5.79235166e+04
 9.13000  5.79235168e+04
 9.13500  5.79235169e+04
 9.14000  5.79235170e+04
 9.14500  5.79235171e+04
 9.15000  5.79235172e+04
 9.15500  5.79235173e+04
 9.16000  5.79235174e+04
 9.16500  5.79235176e+04
 9.17000  5.79235177e+04
 9.17500  5.79235178e+04
 9.18000  5.79235179e+04
 9.18500  5.79235180e+04
 9.19000  5.79235181e+04
 9.19500  5.79235182e+04
 9.20000  5.79235183e+04
 9.20500  5.79235184e+04
 9.21000  5.79235185e+04
 9.21500  5.79235186e+04
 9.22000  5.79235188e+04
 9.22500  5.79235189e+04
 9.23000  5.79235190e+04
 9.23500  5.79235191e+04
 9.24000  5.79235192e+04
 9.24500  5.79235193e+04
 9.25000  5.79235194e+04
 9.25500  5.79235195e+04
 9.26000  5.79235196e+04
 9.26500  5.79235197e+04
 9.27000  5.79235198e+04
 9.27500  5.79235199e+04
 9.28000  5.79235200e+04
 9.28500  5.79235201e+04
 9.29000  5.79235202e+04
 9.29500  5.79235203e+04
 9.30000  5.79235204e+04
 9.30500  5.79235205e+04
 9.31000  5.79235206e+04
 9.31500  5.79235207e+04
 9.32000  5.79235207e+04
 9.32500  5.79235208e+04
 9.33000  5.79235209e+04
 9.33500  5.79235210e+04
 9.34000  5.79235211e+04
 9.34500  5.79235212e+04
 9.35000  5.79235213e+04
 9.35500  5.79235214e+04
 9.36000  5.79235215e+04
 9.36500  5.79235216e+04
 9.37000  5.79235217e+04
 9.37500  5.79235218e+04
 9.38000  5.79235218e+04
 9.38500  5.79235219e+04
 9.39000  5.79235220e+04
 9.39500  5.79235221e+04
 9.40000  5.79235222e+04
 9.40500  5.79235223e+04
 9.41000  5.79235224e+04
 9.41500  5.79235225e+04
 9.42000  5.79235225e+04
 9.42500  5.79235226e+04
 9.43000  5.79235227e+04
 9.43500  5.79235228e+04
 9.44000  5.79235229e+04
 9.44500  5.79235230e+04
 9.45000  5.79235230e+04
 9.45500  5.79235231e+04
 9.46000  5.79235232e+04
 9.46500  5.79235233e+04
 9.47000  5.79235234e+04
 9.47500  5.79235234e+04
 9.48000  5.79235235e+04
 9.48500  5.79235236e+04
 9.49000  5.79235237e+04
 9.49500  5.79235238e+04
 9.50000  5.79235238e+04
 9.50500  5.79235239e+04
 9.51000  5.79235240e+04
 9.51500  5.79235241e+04
 9.52000  5.79235241e+04
 9.52500  5.79235242e+04
 9.53000  5.79235243e+04
 9.53500  5.79235244e+04
 9.54000  5.79235244e+04
 9.54500  5.79235245e+04
 9.55000  5.79235246e+04
 9.55500  5.79235247e+04
 9.56000  5.79235247e+04
 9.56500  5.79235248e+04
 9.57000  5.79235249e+04
 9.57500  5.79235250e+04
 9.58000  5.79235250e+04
 9.58500  5.79235251e+04
 9.59000  5.79235252e+04
 9.59500  5.79235252e+04
 9.60000  5.79235253e+04
 9.60500  5.79235254e+04
 9.61000  5.79235255e+04
 9.61500  5.79235255e+04
 9.62000  5.79235256e+04
 9.62500  5.79235257e+04
 9.63000  5.79235257e+04
 9.63500  5.79235258e+04
 9.64000  5.79235259e+04
 9.64500  5.79235259e+04
 9.65000  5.79235260e+04
 9.65500  5.79235261e+04
 9.66000  5.79235261e+04
 9.66500  5.79235262e+04
 9.67000  5.79235263e+04
 9.67500  5.79235263e+04
 9.68000  5.79235264e+04
 9.68500  5.79235265e+04
 9.69000  5.79235265e+04
 9.69500  5.79235266e+04
 9.70000  5.79235266e+04
 9.70500  5.79235267e+04
 9.71000  5.79235268e+04
 9.71500  5.79235268e+04
 9.72000  5.79235269e+04
 9.72500  5.79235270e+04
 9.73000  5.79235270e+04
 9.73500  5.79235271e+04
 9.74000  5.79235271e+04
 9.74500  5.79235272e+04
 9.75000  5.79235273e+04
 9.75500  5.79235273e+04
 9.76000  5.79235274e+04
 9.76500  5.79235274e+04
 9.77000  5.79235275e+04
 9.77500  5.79235276e+04
 9.78000  5.79235276e+04
 9.78500  5.79235277e+04
 9.79000  5.79235277e+04
 9.79500  5.79235278e+04
 9.80000  5.79235278e+04
 9.80500  5.79235279e+04
 9.81000  5.79235280e+04
 9.81500  5.79235280e+04
 9.82000  5.79235281e+04
 9.82500  5.79235281e+04
 9.83000  5.79235282e+04
 9.83500  5.79235282e+04
 9.84000  5.79235283e+04
 9.84500  5.79235283e+04
 9.85000  5.79235284e+04
 9.85500  5.79235284e+04
 9.86000  5.79235285e+04
 9.86500  5.79235286e+04
 9.87000  5.79235286e+04
 9.87500  5.79235287e+04
 9.88000  5.79235287e+04
 9.88500  5.79235288e+04
 9.89000  5.79235288e+04
 9.89500  5.79235289e+04
 9.90000  5.79235289e+04
 9.90500  5.79235290e+04
 9.91000  5.79235290e+04
 9.91500  5.79235291e+04
 9.92000  5.79235291e+04
 9.92500  5.79235292e+04
 9.93000  5.79235292e+04
 9.93500  5.79235293e+04
 9.94000  5.79235293e+04
 9.94500  5.79235294e+04
 9.95000  5.79235294e+04
 9.95500  5.79235295e+04
 9.96000  5.79235295e+04
 9.96500  5.79235296e+04
 9.97000  5.79235296e+04
 9.97500  5.79235297e+04
 9.98000  5.79235297e+04
 9.98500  5.79235298e+04
 9.99000  5.79235298e+04
 9.99500  5.79235298e+04
10.00000  5.79235299e+04
