 0.00500  2.14143542e+07
 0.01000  2.08347396e+07
 0.01500  2.02704849e+07
 0.02000  1.97211875e+07
 0.02500  1.91864554e+07
 0.03000  1.86659067e+07
 0.03500  1.81591695e+07
 0.04000  1.76658817e+07
 0.04500  1.71856904e+07
 0.05000  1.67182522e+07
 0.05500  1.62632325e+07
 0.06000  1.58203053e+07
 0.06500  1.53891533e+07
 0.07000  1.49694674e+07
 0.07500  1.45609466e+07
 0.08000  1.41632977e+07
 0.08500  1.37762352e+07
 0.09000  1.33994810e+07
 0.09500  1.30327643e+07
 0.10000  1.26758214e+07
 0.10500  1.23283953e+07
 0.11000  1.19902360e+07
 0.11500  1.16610998e+07
 0.12000  1.13407493e+07
 0.12500  1.10289537e+07
 0.13000  1.07254877e+07
 0.13500  1.04301322e+07
 0.14000  1.01426739e+07
 0.14500  9.86290478e+06
 0.15000  9.59062246e+06
 0.15500  9.32562978e+06
 0.16000  9.06773476e+06
 0.16500  8.81675040e+06
 0.17000  8.57249462e+06
 0.17500  8.33479008e+06
 0.18000  8.10346409e+06
 0.18500  7.87834845e+06
 0.19000  7.65927938e+06
 0.19500  7.44609738e+06
 0.20000  7.23864711e+06
 0.20500  7.03677730e+06
 0.21000  6.84034063e+06
 0.21500  6.64919365e+06
 0.22000  6.46319664e+06
 0.22500  6.28221356e+06
 0.23000  6.10611191e+06
 0.23500  5.93476267e+06
 0.24000  5.76804018e+06
 0.24500  5.60582210e+06
 0.25000  5.44798927e+06
 0.25500  5.29442565e+06
 0.26000  5.14501825e+06
 0.26500  4.99965704e+06
 0.27000  4.85823485e+06
 0.27500  4.72064735e+06
 0.28000  4.58679292e+06
 0.28500  4.45657261e+06
 0.29000  4.32989008e+06
 0.29500  4.20665148e+06
 0.30000  4.08676546e+06
 0.30500  3.97014303e+06
 0.31000  3.85669757e+06
 0.31500  3.74634469e+06
 0.32000  3.63900226e+06
 0.32500  3.53459027e+06
 0.33000  3.43303082e+06
 0.33500  3.33424806e+06
 0.34000  3.23816812e+06
 0.34500  3.14471910e+06
 0.35000  3.05383094e+06
 0.35500  2.96543545e+06
 0.36000  2.87946624e+06
 0.36500  2.79585865e+06
 0.37000  2.71454971e+06
 0.37500  2.63547812e+06
 0.38000  2.55858418e+06
 0.38500  2.48380979e+06
 0.39000  2.41109833e+06
 0.39500  2.34039471e+06
 0.40000  2.27164527e+06
 0.40500  2.20479776e+06
 0.41000  2.13980132e+06
 0.41500  2.07660642e+06
 0.42000  2.01516483e+06
 0.42500  1.95542959e+06
 0.43000  1.89735499e+06
 0.43500  1.84089652e+06
 0.44000  1.78601083e+06
 0.44500  1.73265572e+06
 0.45000  1.68079011e+06
 0.45500  1.63037399e+06
 0.46000  1.58136843e+06
 0.46500  1.53373550e+06
 0.47000  1.48743827e+06
 0.47500  1.44244081e+06
 0.48000  1.39870813e+06
 0.48500  1.35620614e+06
 0.49000  1.31490169e+06
 0.49500  1.27476246e+06
 0.50000  1.23575704e+06
 0.50500  1.19785479e+06
 0.51000  1.16102593e+06
 0.51500  1.12524144e+06
 0.52000  1.09047308e+06
 0.52500  1.05669335e+06
 0.53000  1.02387547e+06
 0.53500  9.91993403e+05
 0.54000  9.61021762e+05
 0.54500  9.30935854e+05
 0.55000  9.01711635e+05
 0.55500  8.73325701e+05
 0.56000  8.45755265e+05
 0.56500  8.18978148e+05
 0.57000  7.92972757e+05
 0.57500  7.67718073e+05
 0.58000  7.43193636e+05
 0.58500  7.19379528e+05
 0.59000  6.96256362e+05
 0.59500  6.73805265e+05
 0.60000  6.52007866e+05
 0.60500  6.30846282e+05
 0.61000  6.10303108e+05
 0.61500  5.90361399e+05
 0.62000  5.71004665e+05
 0.62500  5.52216852e+05
 0.63000  5.33982336e+05
 0.63500  5.16285907e+05
 0.64000  4.99112764e+05
 0.64500  4.82448497e+05
 0.65000  4.66279085e+05
 0.65500  4.50590877e+05
 0.66000  4.35370589e+05
 0.66500  4.20605291e+05
 0.67000  4.06282400e+05
 0.67500  3.92389668e+05
 0.68000  3.78915176e+05
 0.68500  3.65847322e+05
 0.69000  3.53174817e+05
 0.69500  3.40886673e+05
 0.70000  3.28972197e+05
 0.70500  3.17420983e+05
 0.71000  3.06222904e+05
 0.71500  2.95368103e+05
 0.72000  2.84846990e+05
 0.72500  2.74650233e+05
 0.73000  2.64768749e+05
 0.73500  2.55193699e+05
 0.74000  2.45916485e+05
 0.74500  2.36928736e+05
 0.75000  2.28222311e+05
 0.75500  2.19789284e+05
 0.76000  2.11621947e+05
 0.76500  2.03712796e+05
 0.77000  1.96054533e+05
 0.77500  1.88640054e+05
 0.78000  1.81462449e+05
 0.78500  1.74514995e+05
 0.79000  1.67791149e+05
 0.79500  1.61284547e+05
 0.80000  1.54988997e+05
 0.80500  1.48898475e+05
 0.81000  1.43007119e+05
 0.81500  1.37309227e+05
 0.82000  1.31799253e+05
 0.82500  1.26471799e+05
 0.83000  1.21321617e+05
 0.83500  1.16343600e+05
 0.84000  1.11532780e+05
 0.84500  1.06884324e+05
 0.85000  1.02393533e+05
 0.85500  9.80558330e+04
 0.86000  9.38667778e+04
 0.86500  8.98220413e+04
 0.87000  8.59174158e+04
 0.87500  8.21488090e+04
 0.88000  7.85122405e+04
 0.88500  7.50038393e+04
 0.89000  7.16198404e+04
 0.89500  6.83565821e+04
 0.90000  6.52105036e+04
 0.90500  6.21781417e+04
 0.91000  5.92561288e+04
 0.91500  5.64411900e+04
 0.92000  5.37301406e+04
 0.92500  5.11198840e+04
 0.93000  4.86074091e+04
 0.93500  4.61897877e+04
 0.94000  4.38641732e+04
 0.94500  4.16277976e+04
 0.95000  3.94702001e+04
 0.95500  3.73687026e+04
 0.96000  3.54500638e+04
 0.96500  3.35586342e+04
 0.97000  3.17203399e+04
 0.97500  2.99542140e+04
 0.98000  2.82623463e+04
 0.98500  2.66434109e+04
 0.99000  2.50932894e+04
 0.99500  2.36097806e+04
 1.00000  2.21903215e+04
 1.00500  2.08330880e+04
 1.01000  1.95363602e+04
 1.01500  1.82981372e+04
 1.02000  1.71165208e+04
 1.02500  1.59894147e+04
 1.03000  1.49150428e+04
 1.03500  1.38916560e+04
 1.04000  1.29173745e+04
 1.04500  1.19905917e+04
 1.05000  1.11097210e+04
 1.05500  1.02731602e+04
 1.06000  9.47950987e+03
 1.06500  8.72741697e+03
 1.07000  8.01550734e+03
 1.07500  7.34251415e+03
 1.08000  6.70721627e+03
 1.08500  6.10835700e+03
 1.09000  5.54471073e+03
 1.09500  5.01513140e+03
 1.10000  4.51848210e+03
 1.10500  4.05360243e+03
 1.11000  3.61935929e+03
 1.11500  3.21471058e+03
 1.12000  2.83873204e+03
 1.12500  2.49050587e+03
 1.13000  2.16913386e+03
 1.13500  1.87370684e+03
 1.14000  1.60328766e+03
 1.14500  1.35698284e+03
 1.15000  1.13394030e+03
 1.15500  9.33343957e+02
 1.16000  7.54409600e+02
 1.16500  5.96381706e+02
 1.17000  4.58530504e+02
 1.17500  3.40150185e+02
 1.18000  2.40559523e+02
 1.18500  1.59090888e+02
 1.19000  9.50922982e+01
 1.19500  4.79575506e+01
 1.20000  1.70924396e+01
 1.20500  1.90275997e+00
 1.21000  1.79626950e+00
 1.21500  1.62189934e+01
 1.22000  4.46571591e+01
 1.22500  8.65993730e+01
 1.23000  1.41534241e+02
 1.23500  2.08954464e+02
 1.24000  2.88389668e+02
 1.24500  3.79389791e+02
 1.25000  4.81512771e+02
 1.25500  5.94326632e+02
 1.26000  7.17417183e+02
 1.26500  8.50383421e+02
 1.27000  9.92837513e+02
 1.27500  1.14440504e+03
 1.28000  1.30472443e+03
 1.28500  1.47344670e+03
 1.29000  1.65023516e+03
 1.29500  1.83476504e+03
 1.30000  2.02672325e+03
 1.30500  2.22580804e+03
 1.31000  2.43172747e+03
 1.31500  2.64418351e+03
 1.32000  2.86288098e+03
 1.32500  3.08753805e+03
 1.33000  3.31788170e+03
 1.33500  3.55364732e+03
 1.34000  3.79457747e+03
 1.34500  4.04042546e+03
 1.35000  4.29097297e+03
 1.35500  4.54600792e+03
 1.36000  4.80532063e+03
 1.36500  5.06870849e+03
 1.37000  5.33597489e+03
 1.37500  5.60692616e+03
 1.38000  5.88136388e+03
 1.38500  6.15909759e+03
 1.39000  6.43994457e+03
 1.39500  6.72372723e+03
 1.40000  7.01027308e+03
 1.40500  7.29941624e+03
 1.41000  7.59099787e+03
 1.41500  7.88486547e+03
 1.42000  8.18087271e+03
 1.42500  8.47887842e+03
 1.43000  8.77874678e+03
 1.43500  9.08034534e+03
 1.44000  9.38354524e+03
 1.44500  9.68821975e+03
 1.45000  9.99424492e+03
 1.45500  1.03014966e+04
 1.46000  1.06098566e+04
 1.46500  1.09192101e+04
 1.47000  1.12294469e+04
 1.47500  1.15404635e+04
 1.48000  1.18521607e+04
 1.48500  1.21644406e+04
 1.49000  1.24772081e+04
 1.49500  1.27903691e+04
 1.50000  1.31038269e+04
 1.50500  1.34174900e+04
 1.51000  1.37312698e+04
 1.51500  1.40450818e+04
 1.52000  1.43588469e+04
 1.52500  1.46724888e+04
 1.53000  1.49859323e+04
 1.53500  1.52991049e+04
 1.54000  1.56119330e+04
 1.54500  1.59243398e+04
 1.55000  1.62362550e+04
 1.55500  1.65476111e+04
 1.56000  1.68583427e+04
 1.56500  1.71683857e+04
 1.57000  1.74776793e+04
 1.57500  1.77861649e+04
 1.58000  1.80937853e+04
 1.58500  1.84004872e+04
 1.59000  1.87062184e+04
 1.59500  1.90109282e+04
 1.60000  1.93145673e+04
 1.60500  1.96170776e+04
 1.61000  1.99183991e+04
 1.61500  2.02184804e+04
 1.62000  2.05172719e+04
 1.62500  2.08147302e+04
 1.63000  2.11108195e+04
 1.63500  2.14055027e+04
 1.64000  2.16987439e+04
 1.64500  2.19905040e+04
 1.65000  2.22807309e+04
 1.65500  2.25693819e+04
 1.66000  2.28564170e+04
 1.66500  2.31417978e+04
 1.67000  2.34254880e+04
 1.67500  2.37074529e+04
 1.68000  2.39876603e+04
 1.68500  2.42660799e+04
 1.69000  2.45426778e+04
 1.69500  2.48174226e+04
 1.70000  2.50902859e+04
 1.70500  2.53612407e+04
 1.71000  2.56302545e+04
 1.71500  2.58972916e+04
 1.72000  2.61623234e+04
 1.72500  2.64253237e+04
 1.73000  2.66862643e+04
 1.73500  2.69451095e+04
 1.74000  2.72018323e+04
 1.74500  2.74564089e+04
 1.75000  2.77088174e+04
 1.75500  2.79590406e+04
 1.76000  2.82070622e+04
 1.76500  2.84528658e+04
 1.77000  2.86964370e+04
 1.77500  2.89377453e+04
 1.78000  2.91767430e+04
 1.78500  2.94134050e+04
 1.79000  2.96477101e+04
 1.79500  2.98796393e+04
 1.80000  3.01091776e+04
 1.80500  3.03363127e+04
 1.81000  3.05610338e+04
 1.81500  3.07833318e+04
 1.82000  3.10031878e+04
 1.82500  3.12205650e+04
 1.83000  3.14354453e+04
 1.83500  3.16478162e+04
 1.84000  3.18576670e+04
 1.84500  3.20649849e+04
 1.85000  3.22697580e+04
 1.85500  3.24719806e+04
 1.86000  3.26716494e+04
 1.86500  3.28687599e+04
 1.87000  3.30632738e+04
 1.87500  3.32551545e+04
 1.88000  3.34443932e+04
 1.88500  3.36309846e+04
 1.89000  3.38149257e+04
 1.89500  3.39962136e+04
 1.90000  3.41748467e+04
 1.90500  3.43508269e+04
 1.91000  3.45241583e+04
 1.91500  3.46948463e+04
 1.92000  3.48628764e+04
 1.92500  3.50282184e+04
 1.93000  3.51908706e+04
 1.93500  3.53508394e+04
 1.94000  3.55081341e+04
 1.94500  3.56627612e+04
 1.95000  3.58147070e+04
 1.95500  3.59639662e+04
 1.96000  3.61105491e+04
 1.96500  3.62544690e+04
 1.97000  3.63957422e+04
 1.97500  3.65343804e+04
 1.98000  3.66703827e+04
 1.98500  3.68037574e+04
 1.99000  3.69345234e+04
 1.99500  3.70627026e+04
 2.00000  3.71883192e+04
 2.00500  3.73113942e+04
 2.01000  3.74319291e+04
 2.01500  3.75499290e+04
 2.02000  3.76654167e+04
 2.02500  3.77784195e+04
 2.03000  3.78889671e+04
 2.03500  3.79970911e+04
 2.04000  3.81028171e+04
 2.04500  3.82061587e+04
 2.05000  3.83071363e+04
 2.05500  3.84057822e+04
 2.06000  3.85021315e+04
 2.06500  3.85962208e+04
 2.07000  3.86880878e+04
 2.07500  3.87777688e+04
 2.08000  3.88652868e+04
 2.08500  3.89506627e+04
 2.09000  3.90339265e+04
 2.09500  3.91151159e+04
 2.10000  3.91942700e+04
 2.10500  3.92714286e+04
 2.11000  3.93466320e+04
 2.11500  3.94199211e+04
 2.12000  3.94913372e+04
 2.12500  3.95609215e+04
 2.13000  3.96287155e+04
 2.13500  3.96947605e+04
 2.14000  3.97590976e+04
 2.14500  3.98217678e+04
 2.15000  3.98828115e+04
 2.15500  3.99422688e+04
 2.16000  4.00001792e+04
 2.16500  4.00563868e+04
 2.17000  4.01109280e+04
 2.17500  4.01638610e+04
 2.18000  4.02152365e+04
 2.18500  4.02651039e+04
 2.19000  4.03135108e+04
 2.19500  4.03605031e+04
 2.20000  4.04061252e+04
 2.20500  4.04504201e+04
 2.21000  4.04934292e+04
 2.21500  4.05351927e+04
 2.22000  4.05757493e+04
 2.22500  4.06151365e+04
 2.23000  4.06533905e+04
 2.23500  4.06905464e+04
 2.24000  4.07266380e+04
 2.24500  4.07616982e+04
 2.25000  4.07957585e+04
 2.25500  4.08288496e+04
 2.26000  4.08610012e+04
 2.26500  4.08922419e+04
 2.27000  4.09225995e+04
 2.27500  4.09521008e+04
 2.28000  4.09807717e+04
 2.28500  4.10086373e+04
 2.29000  4.10357220e+04
 2.29500  4.10620493e+04
 2.30000  4.10876420e+04
 2.30500  4.11125220e+04
 2.31000  4.11367107e+04
 2.31500  4.11602287e+04
 2.32000  4.11830961e+04
 2.32500  4.12053321e+04
 2.33000  4.12269556e+04
 2.33500  4.12479846e+04
 2.34000  4.12684367e+04
 2.34500  4.12883289e+04
 2.35000  4.13076777e+04
 2.35500  4.13264990e+04
 2.36000  4.13448084e+04
 2.36500  4.13626207e+04
 2.37000  4.13799504e+04
 2.37500  4.13968117e+04
 2.38000  4.14132181e+04
 2.38500  4.14291828e+04
 2.39000  4.14447186e+04
 2.39500  4.14598378e+04
 2.40000  4.14745526e+04
 2.40500  4.14888744e+04
 2.41000  4.15028147e+04
 2.41500  4.15163843e+04
 2.42000  4.15295937e+04
 2.42500  4.15424534e+04
 2.43000  4.15549732e+04
 2.43500  4.15671627e+04
 2.44000  4.15790315e+04
 2.44500  4.15905884e+04
 2.45000  4.16018424e+04
 2.45500  4.16128019e+04
 2.46000  4.16234753e+04
 2.46500  4.16338706e+04
 2.47000  4.16439955e+04
 2.47500  4.16538577e+04
 2.48000  4.16634644e+04
 2.48500  4.16728228e+04
 2.49000  4.16819397e+04
 2.49500  4.16908219e+04
 2.50000  4.16994758e+04
 2.50500  4.17079078e+04
 2.51000  4.17161240e+04
 2.51500  4.17241303e+04
 2.52000  4.17319325e+04
 2.52500  4.17395362e+04
 2.53000  4.17469467e+04
 2.53500  4.17541694e+04
 2.54000  4.17612095e+04
 2.54500  4.17680717e+04
 2.55000  4.17747611e+04
 2.55500  4.17812822e+04
 2.56000  4.17876397e+04
 2.56500  4.17938378e+04
 2.57000  4.17998810e+04
 2.57500  4.18057734e+04
 2.58000  4.18115190e+04
 2.58500  4.18171217e+04
 2.59000  4.18225854e+04
 2.59500  4.18279139e+04
 2.60000  4.18331106e+04
 2.60500  4.18381791e+04
 2.61000  4.18431227e+04
 2.61500  4.18479449e+04
 2.62000  4.18526488e+04
 2.62500  4.18572375e+04
 2.63000  4.18617140e+04
 2.63500  4.18660813e+04
 2.64000  4.18703424e+04
 2.64500  4.18744998e+04
 2.65000  4.18785564e+04
 2.65500  4.18825148e+04
 2.66000  4.18863775e+04
 2.66500  4.18901470e+04
 2.67000  4.18938258e+04
 2.67500  4.18974162e+04
 2.68000  4.19009204e+04
 2.68500  4.19043408e+04
 2.69000  4.19076794e+04
 2.69500  4.19109383e+04
 2.70000  4.19141196e+04
 2.70500  4.19172254e+04
 2.71000  4.19202574e+04
 2.71500  4.19232176e+04
 2.72000  4.19261079e+04
 2.72500  4.19289299e+04
 2.73000  4.19316855e+04
 2.73500  4.19343763e+04
 2.74000  4.19370039e+04
 2.74500  4.19395700e+04
 2.75000  4.19420761e+04
 2.75500  4.19445237e+04
 2.76000  4.19469142e+04
 2.76500  4.19492492e+04
 2.77000  4.19515299e+04
 2.77500  4.19537578e+04
 2.78000  4.19559342e+04
 2.78500  4.19580602e+04
 2.79000  4.19601373e+04
 2.79500  4.19621666e+04
 2.80000  4.19641493e+04
 2.80500  4.19660865e+04
 2.81000  4.19679793e+04
 2.81500  4.19698289e+04
 2.82000  4.19716364e+04
 2.82500  4.19734026e+04
 2.83000  4.19751288e+04
 2.83500  4.19768157e+04
 2.84000  4.19784645e+04
 2.84500  4.19800759e+04
 2.85000  4.19816510e+04
 2.85500  4.19831906e+04
 2.86000  4.19846956e+04
 2.86500  4.19861668e+04
 2.87000  4.19876050e+04
 2.87500  4.19890110e+04
 2.88000  4.19903856e+04
 2.88500  4.19917296e+04
 2.89000  4.19930436e+04
 2.89500  4.19943284e+04
 2.90000  4.19955848e+04
 2.90500  4.19968133e+04
 2.91000  4.19980146e+04
 2.91500  4.19991894e+04
 2.92000  4.20003384e+04
 2.92500  4.20014620e+04
 2.93000  4.20025610e+04
 2.93500  4.20036359e+04
 2.94000  4.20046873e+04
 2.94500  4.20057157e+04
 2.95000  4.20067216e+04
 2.95500  4.20077057e+04
 2.96000  4.20086683e+04
 2.96500  4.20096101e+04
 2.97000  4.20105314e+04
 2.97500  4.20114329e+04
 2.98000  4.20123148e+04
 2.98500  4.20131778e+04
 2.99000  4.20140221e+04
 2.99500  4.20148484e+04
 3.00000  4.20156569e+04
 3.00500  4.20164481e+04
 3.01000  4.20172223e+04
 3.01500  4.20179801e+04
 3.02000  4.20187217e+04
 3.02500  4.20194475e+04
 3.03000  4.20201579e+04
 3.03500  4.20208532e+04
 3.04000  4.20215338e+04
 3.04500  4.20222000e+04
 3.05000  4.20228522e+04
 3.05500  4.20234906e+04
 3.06000  4.20241156e+04
 3.06500  4.20247274e+04
 3.07000  4.20253264e+04
 3.07500  4.20259129e+04
 3.08000  4.20264872e+04
 3.08500  4.20270494e+04
 3.09000  4.20275999e+04
 3.09500  4.20281390e+04
 3.10000  4.20286669e+04
 3.10500  4.20291839e+04
 3.11000  4.20296901e+04
 3.11500  4.20301859e+04
 3.12000  4.20306714e+04
 3.12500  4.20311470e+04
 3.13000  4.20316127e+04
 3.13500  4.20320689e+04
 3.14000  4.20325158e+04
 3.14500  4.20329534e+04
 3.15000  4.20333822e+04
 3.15500  4.20338022e+04
 3.16000  4.20342136e+04
 3.16500  4.20346167e+04
 3.17000  4.20350116e+04
 3.17500  4.20353984e+04
 3.18000  4.20357775e+04
 3.18500  4.20361489e+04
 3.19000  4.20365127e+04
 3.19500  4.20368693e+04
 3.20000  4.20372187e+04
 3.20500  4.20375610e+04
 3.21000  4.20378965e+04
 3.21500  4.20382252e+04
 3.22000  4.20385474e+04
 3.22500  4.20388632e+04
 3.23000  4.20391726e+04
 3.23500  4.20394759e+04
 3.24000  4.20397732e+04
 3.24500  4.20400646e+04
 3.25000  4.20403502e+04
 3.25500  4.20406301e+04
 3.26000  4.20409045e+04
 3.26500  4.20411735e+04
 3.27000  4.20414372e+04
 3.27500  4.20416957e+04
 3.28000  4.20419492e+04
 3.28500  4.20421976e+04
 3.29000  4.20424412e+04
 3.29500  4.20426801e+04
 3.30000  4.20429142e+04
 3.30500  4.20431439e+04
 3.31000  4.20433690e+04
 3.31500  4.20435898e+04
 3.32000  4.20438063e+04
 3.32500  4.20440186e+04
 3.33000  4.20442267e+04
 3.33500  4.20444309e+04
 3.34000  4.20446311e+04
 3.34500  4.20448275e+04
 3.35000  4.20450201e+04
 3.35500  4.20452090e+04
 3.36000  4.20453943e+04
 3.36500  4.20455760e+04
 3.37000  4.20457543e+04
 3.37500  4.20459291e+04
 3.38000  4.20461006e+04
 3.38500  4.20462689e+04
 3.39000  4.20464339e+04
 3.39500  4.20465959e+04
 3.40000  4.20467547e+04
 3.40500  4.20469106e+04
 3.41000  4.20470635e+04
 3.41500  4.20472135e+04
 3.42000  4.20473607e+04
 3.42500  4.20475051e+04
 3.43000  4.20476468e+04
 3.43500  4.20477859e+04
 3.44000  4.20479223e+04
 3.44500  4.20480562e+04
 3.45000  4.20481876e+04
 3.45500  4.20483166e+04
 3.46000  4.20484431e+04
 3.46500  4.20485673e+04
 3.47000  4.20486892e+04
 3.47500  4.20488088e+04
 3.48000  4.20489262e+04
 3.48500  4.20490415e+04
 3.49000  4.20491546e+04
 3.49500  4.20492656e+04
 3.50000  4.20493746e+04
 3.50500  4.20494815e+04
 3.51000  4.20495866e+04
 3.51500  4.20496896e+04
 3.52000  4.20497908e+04
 3.52500  4.20498902e+04
 3.53000  4.20499877e+04
 3.53500  4.20500835e+04
 3.54000  4.20501775e+04
 3.54500  4.20502698e+04
 3.55000  4.20503604e+04
 3.55500  4.20504494e+04
 3.56000  4.20505368e+04
 3.56500  4.20506226e+04
 3.57000  4.20507068e+04
 3.57500  4.20507896e+04
 3.58000  4.20508708e+04
 3.58500  4.20509506e+04
 3.59000  4.20510289e+04
 3.59500  4.20511059e+04
 3.60000  4.20511814e+04
 3.60500  4.20512556e+04
 3.61000  4.20513285e+04
 3.61500  4.20514001e+04
 3.62000  4.20514704e+04
 3.62500  4.20515395e+04
 3.63000  4.20516073e+04
 3.63500  4.20516739e+04
 3.64000  4.20517394e+04
 3.64500  4.20518037e+04
 3.65000  4.20518669e+04
 3.65500  4.20519289e+04
 3.66000  4.20519898e+04
 3.66500  4.20520497e+04
 3.67000  4.20521086e+04
 3.67500  4.20521664e+04
 3.68000  4.20522231e+04
 3.68500  4.20522789e+04
 3.69000  4.20523337e+04
 3.69500  4.20523876e+04
 3.70000  4.20524405e+04
 3.70500  4.20524925e+04
 3.71000  4.20525436e+04
 3.71500  4.20525938e+04
 3.72000  4.20526432e+04
 3.72500  4.20526917e+04
 3.73000  4.20527393e+04
 3.73500  4.20527861e+04
 3.74000  4.20528321e+04
 3.74500  4.20528774e+04
 3.75000  4.20529218e+04
 3.75500  4.20529655e+04
 3.76000  4.20530084e+04
 3.76500  4.20530506e+04
 3.77000  4.20530921e+04
 3.77500  4.20531329e+04
 3.78000  4.20531730e+04
 3.78500  4.20532123e+04
 3.79000  4.20532511e+04
 3.79500  4.20532891e+04
 3.80000  4.20533265e+04
 3.80500  4.20533633e+04
 3.81000  4.20533995e+04
 3.81500  4.20534350e+04
 3.82000  4.20534700e+04
 3.82500  4.20535043e+04
 3.83000  4.20535381e+04
 3.83500  4.20535713e+04
 3.84000  4.20536040e+04
 3.84500  4.20536361e+04
 3.85000  4.20536677e+04
 3.85500  4.20536987e+04
 3.86000  4.20537292e+04
 3.86500  4.20537593e+04
 3.87000  4.20537888e+04
 3.87500  4.20538178e+04
 3.88000  4.20538463e+04
 3.88500  4.20538744e+04
 3.89000  4.20539020e+04
 3.89500  4.20539291e+04
 3.90000  4.20539558e+04
 3.90500  4.20539821e+04
 3.91000  4.20540079e+04
 3.91500  4.20540333e+04
 3.92000  4.20540583e+04
 3.92500  4.20540829e+04
 3.93000  4.20541070e+04
 3.93500  4.20541308e+04
 3.94000  4.20541542e+04
 3.94500  4.20541772e+04
 3.95000  4.20541998e+04
 3.95500  4.20542220e+04
 3.96000  4.20542439e+04
 3.96500  4.20542655e+04
 3.97000  4.20542866e+04
 3.97500  4.20543075e+04
 3.98000  4.20543280e+04
 3.98500  4.20543482e+04
 3.99000  4.20543680e+04
 3.99500  4.20543875e+04
 4.00000  4.20544067e+04
 4.00500  4.20544256e+04
 4.01000  4.20544442e+04
 4.01500  4.20544625e+04
 4.02000  4.20544805e+04
 4.02500  4.20544982e+04
 4.03000  4.20545157e+04
 4.03500  4.20545328e+04
 4.04000  4.20545497e+04
 4.04500  4.20545663e+04
 4.05000  4.20545827e+04
 4.05500  4.20545987e+04
 4.06000  4.20546146e+04
 4.06500  4.20546302e+04
 4.07000  4.20546455e+04
 4.07500  4.20546606e+04
 4.08000  4.20546754e+04
 4.08500  4.20546900e+04
 4.09000  4.20547044e+04
 4.09500  4.20547186e+04
 4.10000  4.20547325e+04
 4.10500  4.20547462e+04
 4.11000  4.20547597e+04
 4.11500  4.20547730e+04
 4.12000  4.20547861e+04
 4.12500  4.20547990e+04
 4.13000  4.20548117e+04
 4.13500  4.20548241e+04
 4.14000  4.20548364e+04
 4.14500  4.20548485e+04
 4.15000  4.20548604e+04
 4.15500  4.20548721e+04
 4.16000  4.20548837e+04
 4.16500  4.20548950e+04
 4.17000  4.20549062e+04
 4.17500  4.20549172e+04
 4.18000  4.20549281e+04
 4.18500  4.20549387e+04
 4.19000  4.20549492e+04
 4.19500  4.20549596e+04
 4.20000  4.20549698e+04
 4.20500  4.20549798e+04
 4.21000  4.20549897e+04
 4.21500  4.20549994e+04
 4.22000  4.20550090e+04
 4.22500  4.20550184e+04
 4.23000  4.20550277e+04
 4.23500  4.20550369e+04
 4.24000  4.20550459e+04
 4.24500  4.20550547e+04
 4.25000  4.20550635e+04
 4.25500  4.20550721e+04
 4.26000  4.20550805e+04
 4.26500  4.20550889e+04
 4.27000  4.20550971e+04
 4.27500  4.20551052e+04
 4.28000  4.20551132e+04
 4.28500  4.20551210e+04
 4.29000  4.20551288e+04
 4.29500  4.20551364e+04
 4.30000  4.20551439e+04
 4.30500  4.20551513e+04
 4.31000  4.20551586e+04
 4.31500  4.20551657e+04
 4.32000  4.20551728e+04
 4.32500  4.20551797e+04
 4.33000  4.20551866e+04
 4.33500  4.20551934e+04
 4.34000  4.20552000e+04
 4.34500  4.20552066e+04
 4.35000  4.20552130e+04
 4.35500  4.20552194e+04
 4.36000  4.20552256e+04
 4.36500  4.20552318e+04
 4.37000  4.20552379e+04
 4.37500  4.20552439e+04
 4.38000  4.20552498e+04
 4.38500  4.20552556e+04
 4.39000  4.20552613e+04
 4.39500  4.20552670e+04
 4.40000  4.20552726e+04
 4.40500  4.20552780e+04
 4.41000  4.20552834e+04
 4.41500  4.20552888e+04
 4.42000  4.20552940e+04
 4.42500  4.20552992e+04
 4.43000  4.20553043e+04
 4.43500  4.20553093e+04
 4.44000  4.20553143e+04
 4.44500  4.20553191e+04
 4.45000  4.20553239e+04
 4.45500  4.20553287e+04
 4.46000  4.20553333e+04
 4.46500  4.20553379e+04
 4.47000  4.20553425e+04
 4.47500  4.20553469e+04
 4.48000  4.20553513e+04
 4.48500  4.20553557e+04
 4.49000  4.20553600e+04
 4.49500  4.20553642e+04
 4.50000  4.20553683e+04
 4.50500  4.20553724e+04
 4.51000  4.20553765e+04
 4.51500  4.20553804e+04
 4.52000  4.20553844e+04
 4.52500  4.20553882e+04
 4.53000  4.20553920e+04
 4.53500  4.20553958e+04
 4.54000  4.20553995e+04
 4.54500  4.20554032e+04
 4.55000  4.20554068e+04
 4.55500  4.20554103e+04
 4.56000  4.20554138e+04
 4.56500  4.20554173e+04
 4.57000  4.20554207e+04
 4.57500  4.20554240e+04
 4.58000  4.20554273e+04
 4.58500  4.20554306e+04
 4.59000  4.20554338e+04
 4.59500  4.20554369e+04
 4.60000  4.20554401e+04
 4.60500  4.20554431e+04
 4.61000  4.20554462e+04
 4.61500  4.20554492e+04
 4.62000  4.20554521e+04
 4.62500  4.20554550e+04
 4.63000  4.20554579e+04
 4.63500  4.20554607e+04
 4.64000  4.20554635e+04
 4.64500  4.20554663e+04
 4.65000  4.20554690e+04
 4.65500  4.20554717e+04
 4.66000  4.20554743e+04
 4.66500  4.20554769e+04
 4.67000  4.20554795e+04
 4.67500  4.20554820e+04
 4.68000  4.20554845e+04
 4.68500  4.20554870e+04
 4.69000  4.20554894e+04
 4.69500  4.20554918e+04
 4.70000  4.20554942e+04
 4.70500  4.20554965e+04
 4.71000  4.20554988e+04
 4.71500  4.20555010e+04
 4.72000  4.20555033e+04
 4.72500  4.20555055e+04
 4.73000  4.20555077e+04
 4.73500  4.20555098e+04
 4.74000  4.20555119e+04
 4.74500  4.20555140e+04
 4.75000  4.20555161e+04
 4.75500  4.20555181e+04
 4.76000  4.20555201e+04
 4.76500  4.20555221e+04
 4.77000  4.20555240e+04
 4.77500  4.20555259e+04
 4.78000  4.20555278e+04
 4.78500  4.20555297e+04
 4.79000  4.20555316e+04
 4.79500  4.20555334e+04
 4.80000  4.20555352e+04
 4.80500  4.20555369e+04
 4.81000  4.20555387e+04
 4.81500  4.20555404e+04
 4.82000  4.20555421e+04
 4.82500  4.20555438e+04
 4.83000  4.20555454e+04
 4.83500  4.20555471e+04
 4.84000  4.20555487e+04
 4.84500  4.20555503e+04
 4.85000  4.20555519e+04
 4.85500  4.20555534e+04
 4.86000  4.20555549e+04
 4.86500  4.20555564e+04
 4.87000  4.20555579e+04
 4.87500  4.20555594e+04
 4.88000  4.20555608e+04
 4.88500  4.20555623e+04
 4.89000  4.20555637e+04
 4.89500  4.20555651e+04
 4.90000  4.20555665e+04
 4.90500  4.20555678e+04
 4.91000  4.20555691e+04
 4.91500  4.20555705e+04
 4.92000  4.20555718e+04
 4.92500  4.20555731e+04
 4.93000  4.20555743e+04
 4.93500  4.20555756e+04
 4.94000  4.20555768e+04
 4.94500  4.20555780e+04
 4.95000  4.20555792e+04
 4.95500  4.20555804e+04
 4.96000  4.20555816e+04
 4.96500  4.20555828e+04
 4.97000  4.20555839e+04
 4.97500  4.20555850e+04
 4.98000  4.20555861e+04
 4.98500  4.20555872e+04
 4.99000  4.20555883e+04
 4.99500  4.20555894e+04
 5.00000  4.20555905e+04
 5.00500  4.20555915e+04
 5.01000  4.20555925e+04
 5.01500  4.20555935e+04
 5.02000  4.20555945e+04
 5.02500  4.20555955e+04
 5.03000  4.20555965e+04
 5.03500  4.20555975e+04
 5.04000  4.20555984e+04
 5.04500  4.20555994e+04
 5.05000  4.20556003e+04
 5.05500  4.20556012e+04
 5.06000  4.20556021e+04
 5.06500  4.20556030e+04
 5.07000  4.20556039e+04
 5.07500  4.20556048e+04
 5.08000  4.20556056e+04
 5.08500  4.20556065e+04
 5.09000  4.20556073e+04
 5.09500  4.20556081e+04
 5.10000  4.20556090e+04
 5.10500  4.20556098e+04
 5.11000  4.20556106e+04
 5.11500  4.20556113e+04
 5.12000  4.20556121e+04
 5.12500  4.20556129e+04
 5.13000  4.20556136e+04
 5.13500  4.20556144e+04
 5.14000  4.20556151e+04
 5.14500  4.20556159e+04
 5.15000  4.20556166e+04
 5.15500  4.20556173e+04
 5.16000  4.20556180e+04
 5.16500  4.20556187e+04
 5.17000  4.20556194e+04
 5.17500  4.20556200e+04
 5.18000  4.20556207e+04
 5.18500  4.20556214e+04
 5.19000  4.20556220e+04
 5.19500  4.20556227e+04
 5.20000  4.20556233e+04
 5.20500  4.20556239e+04
 5.21000  4.20556245e+04
 5.21500  4.20556252e+04
 5.22000  4.20556258e+04
 5.22500  4.20556264e+04
 5.23000  4.20556269e+04
 5.23500  4.20556275e+04
 5.24000  4.20556281e+04
 5.24500  4.20556287e+04
 5.25000  4.20556292e+04
 5.25500  4.20556298e+04
 5.26000  4.20556303e+04
 5.26500  4.20556309e+04
 5.27000  4.20556314e+04
 5.27500  4.20556319e+04
 5.28000  4.20556324e+04
 5.28500  4.20556330e+04
 5.29000  4.20556335e+04
 5.29500  4.20556340e+04
 5.30000  4.20556345e+04
 5.30500  4.20556350e+04
 5.31000  4.20556354e+04
 5.31500  4.20556359e+04
 5.32000  4.20556364e+04
 5.32500  4.20556369e+04
 5.33000  4.20556373e+04
 5.33500  4.20556378e+04
 5.34000  4.20556382e+04
 5.34500  4.20556387e+04
 5.35000  4.20556391e+04
 5.35500  4.20556395e+04
 5.36000  4.20556400e+04
 5.36500  4.20556404e+04
 5.37000  4.20556408e+04
 5.37500  4.20556412e+04
 5.38000  4.20556416e+04
 5.38500  4.20556420e+04
 5.39000  4.20556424e+04
 5.39500  4.20556428e+04
 5.40000  4.20556432e+04
 5.40500  4.20556436e+04
 5.41000  4.20556440e+04
 5.41500  4.20556443e+04
 5.42000  4.20556447e+04
 5.42500  4.20556451e+04
 5.43000  4.20556454e+04
 5.43500  4.20556458e+04
 5.44000  4.20556462e+04
 5.44500  4.20556465e+04
 5.45000  4.20556468e+04
 5.45500  4.20556472e+04
 5.46000  4.20556475e+04
 5.46500  4.20556479e+04
 5.47000  4.20556482e+04
 5.47500  4.20556485e+04
 5.48000  4.20556488e+04
 5.48500  4.20556491e+04
 5.49000  4.20556495e+04
 5.49500  4.20556498e+04
 5.50000  4.20556501e+04
 5.50500  4.20556504e+04
 5.51000  4.20556507e+04
 5.51500  4.20556510e+04
 5.52000  4.20556513e+04
 5.52500  4.20556516e+04
 5.53000  4.20556518e+04
 5.53500  4.20556521e+04
 5.54000  4.20556524e+04
 5.54500  4.20556527e+04
 5.55000  4.20556529e+04
 5.55500  4.20556532e+04
 5.56000  4.20556535e+04
 5.56500  4.20556537e+04
 5.57000  4.20556540e+04
 5.57500  4.20556543e+04
 5.58000  4.20556545e+04
 5.58500  4.20556548e+04
 5.59000  4.20556550e+04
 5.59500  4.20556553e+04
 5.60000  4.20556555e+04
 5.60500  4.20556557e+04
 5.61000  4.20556560e+04
 5.61500  4.20556562e+04
 5.62000  4.20556564e+04
 5.62500  4.20556567e+04
 5.63000  4.20556569e+04
 5.63500  4.20556571e+04
 5.64000  4.20556573e+04
 5.64500  4.20556576e+04
 5.65000  4.20556578e+04
 5.65500  4.20556580e+04
 5.66000  4.20556582e+04
 5.66500  4.20556584e+04
 5.67000  4.20556586e+04
 5.67500  4.20556588e+04
 5.68000  4.20556590e+04
 5.68500  4.20556592e+04
 5.69000  4.20556594e+04
 5.69500  4.20556596e+04
 5.70000  4.20556598e+04
 5.70500  4.20556600e+04
 5.71000  4.20556602e+04
 5.71500  4.20556604e+04
 5.72000  4.20556606e+04
 5.72500  4.20556607e+04
 5.73000  4.20556609e+04
 5.73500  4.20556611e+04
 5.74000  4.20556613e+04
 5.74500  4.20556614e+04
 5.75000  4.20556616e+04
 5.75500  4.20556618e+04
 5.76000  4.20556620e+04
 5.76500  4.20556621e+04
 5.77000  4.20556623e+04
 5.77500  4.20556624e+04
 5.78000  4.20556626e+04
 5.78500  4.20556628e+04
 5.79000  4.20556629e+04
 5.79500  4.20556631e+04
 5.80000  4.20556632e+04
 5.80500  4.20556634e+04
 5.81000  4.20556635e+04
 5.81500  4.20556637e+04
 5.82000  4.20556638e+04
 5.82500  4.20556640e+04
 5.83000  4.20556641e+04
 5.83500  4.20556643e+04
 5.84000  4.20556644e+04
 5.84500  4.20556645e+04
 5.85000  4.20556647e+04
 5.85500  4.20556648e+04
 5.86000  4.20556649e+04
 5.86500  4.20556651e+04
 5.87000  4.20556652e+04
 5.87500  4.20556653e+04
 5.88000  4.20556655e+04
 5.88500  4.20556656e+04
 5.89000  4.20556657e+04
 5.89500  4.20556658e+04
 5.90000  4.20556660e+04
 5.90500  4.20556661e+04
 5.91000  4.20556662e+04
 5.91500  4.20556663e+04
 5.92000  4.20556664e+04
 5.92500  4.20556666e+04
 5.93000  4.20556667e+04
 5.93500  4.20556668e+04
 5.94000  4.20556669e+04
 5.94500  4.20556670e+04
 5.95000  4.20556671e+04
 5.95500  4.20556672e+04
 5.96000  4.20556673e+04
 5.96500  4.20556674e+04
 5.97000  4.20556676e+04
 5.97500  4.20556677e+04
 5.98000  4.20556678e+04
 5.98500  4.20556679e+04
 5.99000  4.20556680e+04
 5.99500  4.20556681e+04
 6.00000  4.20556682e+04
 6.00500  4.20556683e+04
 6.01000  4.20556684e+04
 6.01500  4.20556685e+04
 6.02000  4.20556685e+04
 6.02500  4.20556686e+04
 6.03000  4.20556687e+04
 6.03500  4.20556688e+04
 6.04000  4.20556689e+04
 6.04500  4.20556690e+04
 6.05000  4.20556691e+04
 6.05500  4.20556692e+04
 6.06000  4.20556693e+04
 6.06500  4.20556694e+04
 6.07000  4.20556694e+04
 6.07500  4.20556695e+04
 6.08000  4.20556696e+04
 6.08500  4.20556697e+04
 6.09000  4.20556698e+04
 6.09500  4.20556699e+04
 6.10000  4.20556699e+04
 6.10500  4.20556700e+04
 6.11000  4.20556701e+04
 6.11500  4.20556702e+04
 6.12000  4.20556702e+04
 6.12500  4.20556703e+04
 6.13000  4.20556704e+04
 6.13500  4.20556705e+04
 6.14000  4.20556705e+04
 6.14500  4.20556706e+04
 6.15000  4.20556707e+04
 6.15500  4.20556708e+04
 6.16000  4.20556708e+04
 6.16500  4.20556709e+04
 6.17000  4.20556710e+04
 6.17500  4.20556710e+04
 6.18000  4.20556711e+04
 6.18500  4.20556712e+04
 6.19000  4.20556712e+04
 6.19500  4.20556713e+04
 6.20000  4.20556714e+04
 6.20500  4.20556714e+04
 6.21000  4.20556715e+04
 6.21500  4.20556716e+04
 6.22000  4.20556716e+04
 6.22500  4.20556717e+04
 6.23000  4.20556717e+04
 6.23500  4.20556718e+04
 6.24000  4.20556719e+04
 6.24500  4.20556719e+04
 6.25000  4.20556720e+04
 6.25500  4.20556720e+04
 6.26000  4.20556721e+04
 6.26500  4.20556721e+04
 6.27000  4.20556722e+04
 6.27500  4.20556723e+04
 6.28000  4.20556723e+04
 6.28500  4.20556724e+04
 6.29000  4.20556724e+04
 6.29500  4.20556725e+04
 6.30000  4.20556725e+04
 6.30500  4.20556726e+04
 6.31000  4.20556726e+04
 6.31500  4.20556727e+04
 6.32000  4.20556727e+04
 6.32500  4.20556728e+04
 6.33000  4.20556728e+04
 6.33500  4.20556729e+04
 6.34000  4.20556729e+04
 6.34500  4.20556730e+04
 6.35000  4.20556730e+04
 6.35500  4.20556731e+04
 6.36000  4.20556731e+04
 6.36500  4.20556732e+04
 6.37000  4.20556732e+04
 6.37500  4.20556732e+04
 6.38000  4.20556733e+04
 6.38500  4.20556733e+04
 6.39000  4.20556734e+04
 6.39500  4.20556734e+04
 6.40000  4.20556735e+04
 6.40500  4.20556735e+04
 6.41000  4.20556735e+04
 6.41500  4.20556736e+04
 6.42000  4.20556736e+04
 6.42500  4.20556737e+04
 6.43000  4.20556737e+04
 6.43500  4.20556738e+04
 6.44000  4.20556738e+04
 6.44500  4.20556738e+04
 6.45000  4.20556739e+04
 6.45500  4.20556739e+04
 6.46000  4.20556739e+04
 6.46500  4.20556740e+04
 6.47000  4.20556740e+04
 6.47500  4.20556741e+04
 6.48000  4.20556741e+04
 6.48500  4.20556741e+04
 6.49000  4.20556742e+04
 6.49500  4.20556742e+04
 6.50000  4.20556742e+04
 6.50500  4.20556743e+04
 6.51000  4.20556743e+04
 6.51500  4.20556743e+04
 6.52000  4.20556744e+04
 6.52500  4.20556744e+04
 6.53000  4.20556744e+04
 6.53500  4.20556745e+04
 6.54000  4.20556745e+04
 6.54500  4.20556745e+04
 6.55000  4.20556746e+04
 6.55500  4.20556746e+04
 6.56000  4.20556746e+04
 6.56500  4.20556747e+04
 6.57000  4.20556747e+04
 6.57500  4.20556747e+04
 6.58000  4.20556747e+04
 6.58500  4.20556748e+04
 6.59000  4.20556748e+04
 6.59500  4.20556748e+04
 6.60000  4.20556749e+04
 6.60500  4.20556749e+04
 6.61000  4.20556749e+04
 6.61500  4.20556749e+04
 6.62000  4.20556750e+04
 6.62500  4.20556750e+04
 6.63000  4.20556750e+04
 6.63500  4.20556751e+04
 6.64000  4.20556751e+04
 6.64500  4.20556751e+04
 6.65000  4.20556751e+04
 6.65500  4.20556752e+04
 6.66000  4.20556752e+04
 6.66500  4.20556752e+04
 6.67000  4.20556752e+04
 6.67500  4.20556753e+04
 6.68000  4.20556753e+04
 6.68500  4.20556753e+04
 6.69000  4.20556753e+04
 6.69500  4.20556754e+04
 6.70000  4.20556754e+04
 6.70500  4.20556754e+04
 6.71000  4.20556754e+04
 6.71500  4.20556754e+04
 6.72000  4.20556755e+04
 6.72500  4.20556755e+04
 6.73000  4.20556755e+04
 6.73500  4.20556755e+04
 6.74000  4.20556756e+04
 6.74500  4.20556756e+04
 6.75000  4.20556756e+04
 6.75500  4.20556756e+04
 6.76000  4.20556756e+04
 6.76500  4.20556757e+04
 6.77000  4.20556757e+04
 6.77500  4.20556757e+04
 6.78000  4.20556757e+04
 6.78500  4.20556757e+04
 6.79000  4.20556758e+04
 6.79500  4.20556758e+04
 6.80000  4.20556758e+04
 6.80500  4.20556758e+04
 6.81000  4.20556758e+04
 6.81500  4.20556759e+04
 6.82000  4.20556759e+04
 6.82500  4.20556759e+04
 6.83000  4.20556759e+04
 6.83500  4.20556759e+04
 6.84000  4.20556760e+04
 6.84500  4.20556760e+04
 6.85000  4.20556760e+04
 6.85500  4.20556760e+04
 6.86000  4.20556760e+04
 6.86500  4.20556760e+04
 6.87000  4.20556761e+04
 6.87500  4.20556761e+04
 6.88000  4.20556761e+04
 6.88500  4.20556761e+04
 6.89000  4.20556761e+04
 6.89500  4.20556761e+04
 6.90000  4.20556762e+04
 6.90500  4.20556762e+04
 6.91000  4.20556762e+04
 6.91500  4.20556762e+04
 6.92000  4.20556762e+04
 6.92500  4.20556762e+04
 6.93000  4.20556763e+04
 6.93500  4.20556763e+04
 6.94000  4.20556763e+04
 6.94500  4.20556763e+04
 6.95000  4.20556763e+04
 6.95500  4.20556763e+04
 6.96000  4.20556763e+04
 6.96500  4.20556764e+04
 6.97000  4.20556764e+04
 6.97500  4.20556764e+04
 6.98000  4.20556764e+04
 6.98500  4.20556764e+04
 6.99000  4.20556764e+04
 6.99500  4.20556764e+04
 7.00000  4.20556765e+04
 7.00500  4.20556765e+04
 7.01000  4.20556765e+04
 7.01500  4.20556765e+04
 7.02000  4.20556765e+04
 7.02500  4.20556765e+04
 7.03000  4.20556765e+04
 7.03500  4.20556765e+04
 7.04000  4.20556766e+04
 7.04500  4.20556766e+04
 7.05000  4.20556766e+04
 7.05500  4.20556766e+04
 7.06000  4.20556766e+04
 7.06500  4.20556766e+04
 7.07000  4.20556766e+04
 7.07500  4.20556766e+04
 7.08000  4.20556766e+04
 7.08500  4.20556767e+04
 7.09000  4.20556767e+04
 7.09500  4.20556767e+04
 7.10000  4.20556767e+04
 7.10500  4.20556767e+04
 7.11000  4.20556767e+04
 7.11500  4.20556767e+04
 7.12000  4.20556767e+04
 7.12500  4.20556767e+04
 7.13000  4.20556768e+04
 7.13500  4.20556768e+04
 7.14000  4.20556768e+04
 7.14500  4.20556768e+04
 7.15000  4.20556768e+04
 7.15500  4.20556768e+04
 7.16000  4.20556768e+04
 7.16500  4.20556768e+04
 7.17000  4.20556768e+04
 7.17500  4.20556768e+04
 7.18000  4.20556769e+04
 7.18500  4.20556769e+04
 7.19000  4.20556769e+04
 7.19500  4.20556769e+04
 7.20000  4.20556769e+04
 7.20500  4.20556769e+04
 7.21000  4.20556769e+04
 7.21500  4.20556769e+04
 7.22000  4.20556769e+04
 7.22500  4.20556769e+04
 7.23000  4.20556769e+04
 7.23500  4.20556770e+04
 7.24000  4.20556770e+04
 7.24500  4.20556770e+04
 7.25000  4.20556770e+04
 7.25500  4.20556770e+04
 7.26000  4.20556770e+04
 7.26500  4.20556770e+04
 7.27000  4.20556770e+04
 7.27500  4.20556770e+04
 7.28000  4.20556770e+04
 7.28500  4.20556770e+04
 7.29000  4.20556770e+04
 7.29500  4.20556771e+04
 7.30000  4.20556771e+04
 7.30500  4.20556771e+04
 7.31000  4.20556771e+04
 7.31500  4.20556771e+04
 7.32000  4.20556771e+04
 7.32500  4.20556771e+04
 7.33000  4.20556771e+04
 7.33500  4.20556771e+04
 7.34000  4.20556771e+04
 7.34500  4.20556771e+04
 7.35000  4.20556771e+04
 7.35500  4.20556771e+04
 7.36000  4.20556772e+04
 7.36500  4.20556772e+04
 7.37000  4.20556772e+04
 7.37500  4.20556772e+04
 7.38000  4.20556772e+04
 7.38500  4.20556772e+04
 7.39000  4.20556772e+04
 7.39500  4.20556772e+04
 7.40000  4.20556772e+04
 7.40500  4.20556772e+04
 7.41000  4.20556772e+04
 7.41500  4.20556772e+04
 7.42000  4.20556772e+04
 7.42500  4.20556772e+04
 7.43000  4.20556772e+04
 7.43500  4.20556772e+04
 7.44000  4.20556773e+04
 7.44500  4.20556773e+04
 7.45000  4.20556773e+04
 7.45500  4.20556773e+04
 7.46000  4.20556773e+04
 7.46500  4.20556773e+04
 7.47000  4.20556773e+04
 7.47500  4.20556773e+04
 7.48000  4.20556773e+04
 7.48500  4.20556773e+04
 7.49000  4.20556773e+04
 7.49500  4.20556773e+04
 7.50000  4.20556773e+04
 7.50500  4.20556773e+04
 7.51000  4.20556773e+04
 7.51500  4.20556773e+04
 7.52000  4.20556773e+04
 7.52500  4.20556773e+04
 7.53000  4.20556774e+04
 7.53500  4.20556774e+04
 7.54000  4.20556774e+04
 7.54500  4.20556774e+04
 7.55000  4.20556774e+04
 7.55500  4.20556774e+04
 7.56000  4.20556774e+04
 7.56500  4.20556774e+04
 7.57000  4.20556774e+04
 7.57500  4.20556774e+04
 7.58000  4.20556774e+04
 7.58500  4.20556774e+04
 7.59000  4.20556774e+04
 7.59500  4.20556774e+04
 7.60000  4.20556774e+04
 7.60500  4.20556774e+04
 7.61000  4.20556774e+04
 7.61500  4.20556774e+04
 7.62000  4.20556774e+04
 7.62500  4.20556774e+04
 7.63000  4.20556774e+04
 7.63500  4.20556775e+04
 7.64000  4.20556775e+04
 7.64500  4.20556775e+04
 7.65000  4.20556775e+04
 7.65500  4.20556775e+04
 7.66000  4.20556775e+04
 7.66500  4.20556775e+04
 7.67000  4.20556775e+04
 7.67500  4.20556775e+04
 7.68000  4.20556775e+04
 7.68500  4.20556775e+04
 7.69000  4.20556775e+04
 7.69500  4.20556775e+04
 7.70000  4.20556775e+04
 7.70500  4.20556775e+04
 7.71000  4.20556775e+04
 7.71500  4.20556775e+04
 7.72000  4.20556775e+04
 7.72500  4.20556775e+04
 7.73000  4.20556775e+04
 7.73500  4.20556775e+04
 7.74000  4.20556775e+04
 7.74500  4.20556775e+04
 7.75000  4.20556775e+04
 7.75500  4.20556775e+04
 7.76000  4.20556775e+04
 7.76500  4.20556776e+04
 7.77000  4.20556776e+04
 7.77500  4.20556776e+04
 7.78000  4.20556776e+04
 7.78500  4.20556776e+04
 7.79000  4.20556776e+04
 7.79500  4.20556776e+04
 7.80000  4.20556776e+04
 7.80500  4.20556776e+04
 7.81000  4.20556776e+04
 7.81500  4.20556776e+04
 7.82000  4.20556776e+04
 7.82500  4.20556776e+04
 7.83000  4.20556776e+04
 7.83500  4.20556776e+04
 7.84000  4.20556776e+04
 7.84500  4.20556776e+04
 7.85000  4.20556776e+04
 7.85500  4.20556776e+04
 7.86000  4.20556776e+04
 7.86500  4.20556776e+04
 7.87000  4.20556776e+04
 7.87500  4.20556776e+04
 7.88000  4.20556776e+04
 7.88500  4.20556776e+04
 7.89000  4.20556776e+04
 7.89500  4.20556776e+04
 7.90000  4.20556776e+04
 7.90500  4.20556776e+04
 7.91000  4.20556776e+04
 7.91500  4.20556776e+04
 7.92000  4.20556776e+04
 7.92500  4.20556777e+04
 7.93000  4.20556777e+04
 7.93500  4.20556777e+04
 7.94000  4.20556777e+04
 7.94500  4.20556777e+04
 7.95000  4.20556777e+04
 7.95500  4.20556777e+04
 7.96000  4.20556777e+04
 7.96500  4.20556777e+04
 7.97000  4.20556777e+04
 7.97500  4.20556777e+04
 7.98000  4.20556777e+04
 7.98500  4.20556777e+04
 7.99000  4.20556777e+04
 7.99500  4.20556777e+04
 8.00000  4.20556777e+04
 8.00500  4.20556777e+04
 8.01000  4.20556777e+04
 8.01500  4.20556777e+04
 8.02000  4.20556777e+04
 8.02500  4.20556777e+04
 8.03000  4.20556777e+04
 8.03500  4.20556777e+04
 8.04000  4.20556777e+04
 8.04500  4.20556777e+04
 8.05000  4.20556777e+04
 8.05500  4.20556777e+04
 8.06000  4.20556777e+04
 8.06500  4.20556777e+04
 8.07000  4.20556777e+04
 8.07500  4.20556777e+04
 8.08000  4.20556777e+04
 8.08500  4.20556777e+04
 8.09000  4.20556777e+04
 8.09500  4.20556777e+04
 8.10000  4.20556777e+04
 8.10500  4.20556777e+04
 8.11000  4.20556777e+04
 8.11500  4.20556777e+04
 8.12000  4.20556777e+04
 8.12500  4.20556777e+04
 8.13000  4.20556777e+04
 8.13500  4.20556777e+04
 8.14000  4.20556777e+04
 8.14500  4.20556777e+04
 8.15000  4.20556777e+04
 8.15500  4.20556778e+04
 8.16000  4.20556778e+04
 8.16500  4.20556778e+04
 8.17000  4.20556778e+04
 8.17500  4.20556778e+04
 8.18000  4.20556778e+04
 8.18500  4.20556778e+04
 8.19000  4.20556778e+04
 8.19500  4.20556778e+04
 8.20000  4.20556778e+04
 8.20500  4.20556778e+04
 8.21000  4.20556778e+04
 8.21500  4.20556778e+04
 8.22000  4.20556778e+04
 8.22500  4.20556778e+04
 8.23000  4.20556778e+04
 8.23500  4.20556778e+04
 8.24000  4.20556778e+04
 8.24500  4.20556778e+04
 8.25000  4.20556778e+04
 8.25500  4.20556778e+04
 8.26000  4.20556778e+04
 8.26500  4.20556778e+04
 8.27000  4.20556778e+04
 8.27500  4.20556778e+04
 8.28000  4.20556778e+04
 8.28500  4.20556778e+04
 8.29000  4.20556778e+04
 8.29500  4.20556778e+04
 8.30000  4.20556778e+04
 8.30500  4.20556778e+04
 8.31000  4.20556778e+04
 8.31500  4.20556778e+04
 8.32000  4.20556778e+04
 8.32500  4.20556778e+04
 8.33000  4.20556778e+04
 8.33500  4.20556778e+04
 8.34000  4.20556778e+04
 8.34500  4.20556778e+04
 8.35000  4.20556778e+04
 8.35500  4.20556778e+04
 8.36000  4.20556778e+04
 8.36500  4.20556778e+04
 8.37000  4.20556778e+04
 8.37500  4.20556778e+04
 8.38000  4.20556778e+04
 8.38500  4.20556778e+04
 8.39000  4.20556778e+04
 8.39500  4.20556778e+04
 8.40000  4.20556778e+04
 8.40500  4.20556778e+04
 8.41000  4.20556778e+04
 8.41500  4.20556778e+04
 8.42000  4.20556778e+04
 8.42500  4.20556778e+04
 8.43000  4.20556778e+04
 8.43500  4.20556778e+04
 8.44000  4.20556778e+04
 8.44500  4.20556778e+04
 8.45000  4.20556778e+04
 8.45500  4.20556778e+04
 8.46000  4.20556778e+04
 8.46500  4.20556778e+04
 8.47000  4.20556778e+04
 8.47500  4.20556778e+04
 8.48000  4.20556778e+04
 8.48500  4.20556778e+04
 8.49000  4.20556778e+04
 8.49500  4.20556778e+04
 8.50000  4.20556778e+04
 8.50500  4.20556779e+04
 8.51000  4.20556779e+04
 8.51500  4.20556779e+04
 8.52000  4.20556779e+04
 8.52500  4.20556779e+04
 8.53000  4.20556779e+04
 8.53500  4.20556779e+04
 8.54000  4.20556779e+04
 8.54500  4.20556779e+04
 8.55000  4.20556779e+04
 8.55500  4.20556779e+04
 8.56000  4.20556779e+04
 8.56500  4.20556779e+04
 8.57000  4.20556779e+04
 8.57500  4.20556779e+04
 8.58000  4.20556779e+04
 8.58500  4.20556779e+04
 8.59000  4.20556779e+04
 8.59500  4.20556779e+04
 8.60000  4.20556779e+04
 8.60500  4.20556779e+04
 8.61000  4.20556779e+04
 8.61500  4.20556779e+04
 8.62000  4.20556779e+04
 8.62500  4.20556779e+04
 8.63000  4.20556779e+04
 8.63500  4.20556779e+04
 8.64000  4.20556779e+04
 8.64500  4.20556779e+04
 8.65000  4.20556779e+04
 8.65500  4.20556779e+04
 8.66000  4.20556779e+04
 8.66500  4.20556779e+04
 8.67000  4.20556779e+04
 8.67500  4.20556779e+04
 8.68000  4.20556779e+04
 8.68500  4.20556779e+04
 8.69000  4.20556779e+04
 8.69500  4.20556779e+04
 8.70000  4.20556779e+04
 8.70500  4.20556779e+04
 8.71000  4.20556779e+04
 8.71500  4.20556779e+04
 8.72000  4.20556779e+04
 8.72500  4.20556779e+04
 8.73000  4.20556779e+04
 8.73500  4.20556779e+04
 8.74000  4.20556779e+04
 8.74500  4.20556779e+04
 8.75000  4.20556779e+04
 8.75500  4.20556779e+04
 8.76000  4.20556779e+04
 8.76500  4.20556779e+04
 8.77000  4.20556779e+04
 8.77500  4.20556779e+04
 8.78000  4.20556779e+04
 8.78500  4.20556779e+04
 8.79000  4.20556779e+04
 8.79500  4.20556779e+04
 8.80000  4.20556779e+04
 8.80500  4.20556779e+04
 8.81000  4.20556779e+04
 8.81500  4.20556779e+04
 8.82000  4.20556779e+04
 8.82500  4.20556779e+04
 8.83000  4.20556779e+04
 8.83500  4.20556779e+04
 8.84000  4.20556779e+04
 8.84500  4.20556779e+04
 8.85000  4.20556779e+04
 8.85500  4.20556779e+04
 8.86000  4.20556779e+04
 8.86500  4.20556779e+04
 8.87000  4.20556779e+04
 8.87500  4.20556779e+04
 8.88000  4.20556779e+04
 8.88500  4.20556779e+04
 8.89000  4.20556779e+04
 8.89500  4.20556779e+04
 8.90000  4.20556779e+04
 8.90500  4.20556779e+04
 8.91000  4.20556779e+04
 8.91500  4.20556779e+04
 8.92000  4.20556779e+04
 8.92500  4.20556779e+04
 8.93000  4.20556779e+04
 8.93500  4.20556779e+04
 8.94000  4.20556779e+04
 8.94500  4.20556779e+04
 8.95000  4.20556779e+04
 8.95500  4.20556779e+04
 8.96000  4.20556779e+04
 8.96500  4.20556779e+04
 8.97000  4.20556779e+04
 8.97500  4.20556779e+04
 8.98000  4.20556779e+04
 8.98500  4.20556779e+04
 8.99000  4.20556779e+04
 8.99500  4.20556779e+04
 9.00000  4.20556779e+04
 9.00500  4.20556779e+04
 9.01000  4.20556779e+04
 9.01500  4.20556779e+04
 9.02000  4.20556779e+04
 9.02500  4.20556779e+04
 9.03000  4.20556779e+04
 9.03500  4.20556779e+04
 9.04000  4.20556779e+04
 9.04500  4.20556779e+04
 9.05000  4.20556779e+04
 9.05500  4.20556779e+04
 9.06000  4.20556779e+04
 9.06500  4.20556779e+04
 9.07000  4.20556779e+04
 9.07500  4.20556779e+04
 9.08000  4.20556779e+04
 9.08500  4.20556779e+04
 9.09000  4.20556779e+04
 9.09500  4.20556779e+04
 9.10000  4.20556779e+04
 9.10500  4.20556779e+04
 9.11000  4.20556779e+04
 9.11500  4.20556779e+04
 9.12000  4.20556779e+04
 9.12500  4.20556779e+04
 9.13000  4.20556779e+04
 9.13500  4.20556779e+04
 9.14000  4.20556779e+04
 9.14500  4.20556779e+04
 9.15000  4.20556779e+04
 9.15500  4.20556779e+04
 9.16000  4.20556779e+04
 9.16500  4.20556779e+04
 9.17000  4.20556779e+04
 9.17500  4.20556779e+04
 9.18000  4.20556779e+04
 9.18500  4.20556779e+04
 9.19000  4.20556779e+04
 9.19500  4.20556779e+04
 9.20000  4.20556779e+04
 9.20500  4.20556779e+04
 9.21000  4.20556779e+04
 9.21500  4.20556779e+04
 9.22000  4.20556779e+04
 9.22500  4.20556779e+04
 9.23000  4.20556779e+04
 9.23500  4.20556779e+04
 9.24000  4.20556779e+04
 9.24500  4.20556779e+04
 9.25000  4.20556779e+04
 9.25500  4.20556779e+04
 9.26000  4.20556779e+04
 9.26500  4.20556779e+04
 9.27000  4.20556779e+04
 9.27500  4.20556779e+04
 9.28000  4.20556779e+04
 9.28500  4.20556779e+04
 9.29000  4.20556779e+04
 9.29500  4.20556779e+04
 9.30000  4.20556779e+04
 9.30500  4.20556779e+04
 9.31000  4.20556779e+04
 9.31500  4.20556779e+04
 9.32000  4.20556779e+04
 9.32500  4.20556780e+04
 9.33000  4.20556780e+04
 9.33500  4.20556780e+04
 9.34000  4.20556780e+04
 9.34500  4.20556780e+04
 9.35000  4.20556780e+04
 9.35500  4.20556780e+04
 9.36000  4.20556780e+04
 9.36500  4.20556780e+04
 9.37000  4.20556780e+04
 9.37500  4.20556780e+04
 9.38000  4.20556780e+04
 9.38500  4.20556780e+04
 9.39000  4.20556780e+04
 9.39500  4.20556780e+04
 9.40000  4.20556780e+04
 9.40500  4.20556780e+04
 9.41000  4.20556780e+04
 9.41500  4.20556780e+04
 9.42000  4.20556780e+04
 9.42500  4.20556780e+04
 9.43000  4.20556780e+04
 9.43500  4.20556780e+04
 9.44000  4.20556780e+04
 9.44500  4.20556780e+04
 9.45000  4.20556780e+04
 9.45500  4.20556780e+04
 9.46000  4.20556780e+04
 9.46500  4.20556780e+04
 9.47000  4.20556780e+04
 9.47500  4.20556780e+04
 9.48000  4.20556780e+04
 9.48500  4.20556780e+04
 9.49000  4.20556780e+04
 9.49500  4.20556780e+04
 9.50000  4.20556780e+04
 9.50500  4.20556780e+04
 9.51000  4.20556780e+04
 9.51500  4.20556780e+04
 9.52000  4.20556780e+04
 9.52500  4.20556780e+04
 9.53000  4.20556780e+04
 9.53500  4.20556780e+04
 9.54000  4.20556780e+04
 9.54500  4.20556780e+04
 9.55000  4.20556780e+04
 9.55500  4.20556780e+04
 9.56000  4.20556780e+04
 9.56500  4.20556780e+04
 9.57000  4.20556780e+04
 9.57500  4.20556780e+04
 9.58000  4.20556780e+04
 9.58500  4.20556780e+04
 9.59000  4.20556780e+04
 9.59500  4.20556780e+04
 9.60000  4.20556780e+04
 9.60500  4.20556780e+04
 9.61000  4.20556780e+04
 9.61500  4.20556780e+04
 9.62000  4.20556780e+04
 9.62500  4.20556780e+04
 9.63000  4.20556780e+04
 9.63500  4.20556780e+04
 9.64000  4.20556780e+04
 9.64500  4.20556780e+04
 9.65000  4.20556780e+04
 9.65500  4.20556780e+04
 9.66000  4.20556780e+04
 9.66500  4.20556780e+04
 9.67000  4.20556780e+04
 9.67500  4.20556780e+04
 9.68000  4.20556780e+04
 9.68500  4.20556780e+04
 9.69000  4.20556780e+04
 9.69500  4.20556780e+04
 9.70000  4.20556780e+04
 9.70500  4.20556780e+04
 9.71000  4.20556780e+04
 9.71500  4.20556780e+04
 9.72000  4.20556780e+04
 9.72500  4.20556780e+04
 9.73000  4.20556780e+04
 9.73500  4.20556780e+04
 9.74000  4.20556780e+04
 9.74500  4.20556780e+04
 9.75000  4.20556780e+04
 9.75500  4.20556780e+04
 9.76000  4.20556780e+04
 9.76500  4.20556780e+04
 9.77000  4.20556780e+04
 9.77500  4.20556780e+04
 9.78000  4.20556780e+04
 9.78500  4.20556780e+04
 9.79000  4.20556780e+04
 9.79500  4.20556780e+04
 9.80000  4.20556780e+04
 9.80500  4.20556780e+04
 9.81000  4.20556780e+04
 9.81500  4.20556780e+04
 9.82000  4.20556780e+04
 9.82500  4.20556780e+04
 9.83000  4.20556780e+04
 9.83500  4.20556780e+04
 9.84000  4.20556780e+04
 9.84500  4.20556780e+04
 9.85000  4.20556780e+04
 9.85500  4.20556780e+04
 9.86000  4.20556780e+04
 9.86500  4.20556780e+04
 9.87000  4.20556780e+04
 9.87500  4.20556780e+04
 9.88000  4.20556780e+04
 9.88500  4.20556780e+04
 9.89000  4.20556780e+04
 9.89500  4.20556780e+04
 9.90000  4.20556780e+04
 9.90500  4.20556780e+04
 9.91000  4.20556780e+04
 9.91500  4.20556780e+04
 9.92000  4.20556780e+04
 9.92500  4.20556780e+04
 9.93000  4.20556780e+04
 9.93500  4.20556780e+04
 9.94000  4.20556780e+04
 9.94500  4.20556780e+04
 9.95000  4.20556780e+04
 9.95500  4.20556780e+04
 9.96000  4.20556780e+04
 9.96500  4.20556780e+04
 9.97000  4.20556780e+04
 9.97500  4.20556780e+04
 9.98000  4.20556780e+04
 9.98500  4.20556780e+04
 9.99000  4.20556780e+04
 9.99500  4.20556780e+04
10.00000  4.20556780e+04
